   1   1.20    1.0000    1.0000    1.0000    1.0000    1.0000    2.1277    2.1277    2.1277    2.1277    2.1277    0.0721    0.0286   -0.0448   -0.0098   -0.0035
   2   2.40    1.0000    1.0000    1.0000    1.0000    1.0000    2.1277    2.1277    2.1277    2.1277    2.1277    0.1231   -0.0090   -0.0481   -0.0186   -0.0298
   3   3.60    1.0000    1.0000    1.0000    1.0000    1.0000    2.1277    2.1277    2.1277    2.1277    2.1277    0.1083    0.0010   -0.0228   -0.0190    0.0001
   4   4.80    1.0000    1.0000    1.0000    1.0000    1.0000    2.1277    2.1277    2.1277    2.1277    2.1277    0.1051   -0.0069    0.0019   -0.0232    0.0006
   5   6.00    1.0000    1.0000    1.0000    1.0000    1.0000    2.1277    2.1277    2.1277    2.1277    2.1277    0.0921   -0.0194    0.0096   -0.0365    0.0128
   6   7.20    1.0000    1.0000    1.0000    1.0000    1.0000    2.1277    2.1277    2.1277    2.1277    2.1277    0.0740   -0.0052    0.0025   -0.0538    0.0093
   7   8.40    1.0000    1.0000    1.0000    1.0000    1.0000    2.1277    2.1277    2.1277    2.1277    2.1277    0.0602   -0.0215    0.0366   -0.0585   -0.0020
   8   9.60    1.0000    1.0000    1.0000    1.0000    1.0000    2.1277    2.1277    2.1277    2.1277    2.1277    0.1366   -0.0022    0.0288   -0.0593   -0.0367
   9  10.80    1.0000    1.0000    1.0000    1.0000    1.0000    2.1277    2.1277    2.1277    2.1277    2.1277    0.1693    0.0514    0.0302   -0.0345   -0.0410
  10  12.00    1.0000    1.0000    1.0000    1.0000    1.0000    2.1277    2.1277    2.1277    2.1277    2.1277    0.1689    0.0473    0.0388   -0.0062   -0.0274
  11  13.20    1.0000    1.0000    1.0000    1.0000    1.0000    2.1277    2.1277    2.1277    2.1277    2.1277    0.1916   -0.0659    0.0401    0.0265    0.0482
  12  14.40    1.0000    1.0000    1.0000    1.0000    1.0000    2.1277    2.1277    2.1277    2.1277    2.1277    0.1887   -0.1085    0.0403    0.0588    0.0751
  13  15.60    1.0000    1.0000    1.0000    1.0000    1.0000    2.1277    2.1277    2.1277    2.1277    2.1277    0.1292   -0.0128   -0.0001    0.0580    0.1486
  14  16.80    1.0000    1.0000    1.0000    1.0000    1.0000    2.1277    2.1277    2.1277    2.1277    2.1277    0.1922    0.0836   -0.0218    0.0794    0.1900
  15  18.00    1.0000    1.0000    1.0000    1.0000    1.0000    2.1277    2.1277    2.1277    2.1277    2.1277    0.1582    0.1336   -0.0094    0.1018    0.2218
  16  19.20    1.0000    1.0000    1.0000    1.0000    1.0000    2.1277    2.1277    2.1277    2.1277    2.1277   -0.0162    0.1798    0.0646    0.1348    0.2636
  17  20.40    1.0000    1.0000    1.0000    1.0000    1.0000    2.1277    2.1277    2.1277    2.1277    2.1277   -0.1057    0.2203    0.1355    0.1694    0.2913
  18  21.60    1.0000    1.0000    1.0000    1.0000    1.0000    2.1277    2.1277    2.1277    2.1277    2.1277   -0.1576    0.4229    0.1920    0.1960    0.2825
  19  22.80    1.0000    1.0000    1.0000    1.0000    1.0000    2.1277    2.1277    2.1277    2.1277    2.1277   -0.2011    0.5509    0.2904    0.2089    0.2729
  20  24.00    1.0000    1.0000    1.0000    1.0000    1.0000    2.1277    2.1277    2.1277    2.1277    2.1277   -0.1145    0.5412    0.3537    0.2101    0.2387
  21  25.20    1.0000    1.0000    1.0000    1.0000    1.0000    2.1277    2.1277    2.1277    2.1277    2.1277   -0.0517    0.6353    0.3902    0.2192    0.2014
  22  26.40    1.0000    1.0000    1.0000    1.0000    1.0000    2.1277    2.1277    2.1277    2.1277    2.1277    0.0654    0.6777    0.4043    0.2297    0.1789
  23  27.60    1.0000    1.0000    1.0000    1.0000    1.0000    2.1277    2.1277    2.1277    2.1277    2.1277    0.1823    0.6697    0.4431    0.2436    0.1575
  24  28.80    1.0000    1.0000    1.0000    1.0000    1.0000    2.1277    2.1277    2.1277    2.1277    2.1277    0.3332    0.7022    0.4917    0.2539    0.1276
  25  30.00    1.0000    1.0000    1.0000    1.0000    1.0000    2.1277    2.1277    2.1277    2.1277    2.1277    0.4231    0.7689    0.5069    0.2529    0.1253
  26  31.20    1.0000    1.0000    1.0000    1.0000    1.0000    2.1277    2.1277    2.1277    2.1277    2.1277    0.4884    0.8146    0.4991    0.2514    0.1505
  27  32.40    1.0000    1.0000    1.0000    1.0000    1.0000    2.1277    2.1277    2.1277    2.1277    2.1277    0.4017    0.7975    0.5055    0.2451    0.1749
  28  33.60    1.0000    1.0000    1.0000    1.0000    1.0000    2.1277    2.1277    2.1277    2.1277    2.1277    0.2988    0.8455    0.4712    0.2454    0.2375
  29  34.80    1.0000    1.0000    1.0000    1.0000    1.0000    2.1277    2.1277    2.1277    2.1277    2.1277    0.3412    0.9840    0.4270    0.2595    0.2840
  30  36.00    1.0000    1.0000    1.0000    1.0000    1.0000    2.1277    2.1277    2.1277    2.1277    2.1277    0.3914    1.3026    0.3994    0.2820    0.3360
  31  37.20    1.0000    1.0000    1.0000    1.0000    1.0000    2.1277    2.1277    2.1277    2.1277    2.1277    0.4679    1.4185    0.4265    0.3178    0.4209
  32  38.40    1.0000    1.0000    1.0000    1.0000    1.0000    2.1277    2.1277    2.1277    2.1277    2.1277    0.4610    1.3391    0.4456    0.3608    0.5114
  33  39.60    1.0000    1.0000    1.0000    1.0000    1.0000    2.1277    2.1277    2.1277    2.1277    2.1277    0.3274    1.2827    0.4346    0.3884    0.6278
  34  40.80    1.0000    1.0000    1.0000    1.0000    1.0000    2.1277    2.1277    2.1277    2.1277    2.1277    0.2332    1.3117    0.4289    0.3924    0.7087
  35  42.00    1.0000    1.0000    1.0000    1.0000    1.0000    2.1277    2.1277    2.1277    2.1277    2.1277    0.1636    1.4072    0.4315    0.3832    0.7777
  36  43.20    1.0000    1.0000    1.0000    1.0000    1.0000    2.1277    2.1277    2.1277    2.1277    2.1277    0.1244    1.6319    0.4548    0.3482    0.8210
  37  44.40    1.0000    1.0000    1.0000    1.0000    1.0000    2.1277    2.1277    2.1277    2.1277    2.1277    0.1136    1.7856    0.4830    0.3017    0.8574
  38  45.60    1.0000    1.0000    1.0000    1.0000    1.0000    2.1277    2.1277    2.1277    2.1277    2.1277    0.1415    1.8850    0.4892    0.2434    0.8817
  39  46.80    1.0000    1.0000    1.0000    1.0000    1.0000    2.1277    2.1277    2.1277    2.1277    2.1277    0.1744    1.9904    0.4536    0.1902    0.8808
  40  48.00    1.0000    0.9432    1.0000    1.0000    1.0000    2.1277    2.2558    2.1277    2.1277    2.1277    0.2910    2.2558    0.4057    0.1426    0.8356
  41  49.20    1.0000    0.8830    1.0000    1.0000    1.0000    2.1277    2.4096    2.1277    2.1277    2.1277    0.4304    2.4096    0.3539    0.0937    0.7812
  42  50.40    1.0000    0.8735    1.0000    1.0000    1.0000    2.1277    2.4359    2.1277    2.1277    2.1277    0.6613    2.4359    0.2909    0.0292    0.7054
  43  51.60    1.0000    0.8496    1.0000    1.0000    1.0000    2.1277    2.5045    2.1277    2.1277    2.1277    0.8837    2.5045    0.2203   -0.0349    0.6359
  44  52.80    1.0000    0.8479    1.0000    1.0000    1.0000    2.1277    2.5093    2.1277    2.1277    2.1277    1.0904    2.5093    0.1544   -0.0864    0.5764
  45  54.00    1.0000    0.7996    1.0000    1.0000    1.0000    2.1277    2.6608    2.1277    2.1277    2.1277    1.3034    2.6608    0.0771   -0.1321    0.5056
  46  55.20    1.0000    0.7280    1.0000    1.0000    1.0000    2.1277    2.9226    2.1277    2.1277    2.1277    1.4660    2.9226    0.0265   -0.1532    0.4747
  47  56.40    1.0000    0.6977    1.0000    1.0000    1.0000    2.1277    3.0496    2.1277    2.1277    2.1277    1.6323    3.0496   -0.0089   -0.1627    0.4507
  48  57.60    1.0000    0.6819    1.0000    1.0000    1.0000    2.1277    3.1204    2.1277    2.1277    2.1277    1.7733    3.1204   -0.0221   -0.1869    0.4301
  49  58.80    1.0000    0.6425    1.0000    1.0000    1.0000    2.1277    3.3114    2.1277    2.1277    2.1277    1.9086    3.3114   -0.0110   -0.2017    0.4173
  50  60.00    0.9912    0.5979    1.0000    1.0000    1.0000    2.1466    3.5586    2.1277    2.1277    2.1277    2.1466    3.5586   -0.0187   -0.2188    0.3976
  51  61.20    0.9024    0.5479    1.0000    1.0000    1.0000    2.3577    3.8836    2.1277    2.1277    2.1277    2.3577    3.8836   -0.0075   -0.2354    0.3993
  52  62.40    0.8339    0.5355    1.0000    1.0000    1.0000    2.5515    3.9734    2.1277    2.1277    2.1277    2.5515    3.9734    0.0128   -0.2370    0.4099
  53  63.60    0.7837    0.5349    1.0000    1.0000    1.0000    2.7148    3.9778    2.1277    2.1277    2.1277    2.7148    3.9778    0.0188   -0.2282    0.4555
  54  64.80    0.7456    0.5116    1.0000    1.0000    1.0000    2.8537    4.1592    2.1277    2.1277    2.1277    2.8537    4.1592    0.0003   -0.2150    0.5247
  55  66.00    0.7121    0.4778    1.0000    1.0000    1.0000    2.9880    4.4534    2.1277    2.1277    2.1277    2.9880    4.4534   -0.0322   -0.1960    0.5765
  56  67.20    0.7179    0.4488    1.0000    1.0000    1.0000    2.9637    4.7409    2.1277    2.1277    2.1277    2.9637    4.7409   -0.0405   -0.1691    0.6495
  57  68.40    0.7092    0.4222    1.0000    1.0000    1.0000    3.0001    5.0397    2.1277    2.1277    2.1277    3.0001    5.0397   -0.0580   -0.1459    0.7065
  58  69.60    0.7078    0.4113    1.0000    1.0000    1.0000    3.0059    5.1734    2.1277    2.1277    2.1277    3.0059    5.1734   -0.0818   -0.1257    0.7595
  59  70.80    0.6994    0.4056    1.0000    1.0000    1.0000    3.0423    5.2457    2.1277    2.1277    2.1277    3.0423    5.2457   -0.1070   -0.0975    0.8227
  60  72.00    0.6864    0.3941    1.0000    1.0000    1.0000    3.0998    5.3982    2.1277    2.1277    2.1277    3.0998    5.3982   -0.1670   -0.0692    0.8584
  61  73.20    0.6669    0.3955    1.0000    1.0000    1.0000    3.1906    5.3804    2.1277    2.1277    2.1277    3.1906    5.3804   -0.2449   -0.0428    0.8899
  62  74.40    0.6436    0.3974    1.0000    1.0000    1.0000    3.3061    5.3542    2.1277    2.1277    2.1277    3.3061    5.3542   -0.3094   -0.0179    0.9242
  63  75.60    0.6429    0.3878    1.0000    1.0000    1.0000    3.3093    5.4863    2.1277    2.1277    2.1277    3.3093    5.4863   -0.3439    0.0072    0.9519
  64  76.80    0.6478    0.3695    1.0000    1.0000    1.0000    3.2845    5.7577    2.1277    2.1277    2.1277    3.2845    5.7577   -0.3723    0.0224    0.9695
  65  78.00    0.6327    0.3531    1.0000    1.0000    1.0000    3.3630    6.0258    2.1277    2.1277    2.1277    3.3630    6.0258   -0.4193    0.0253    0.9651
  66  79.20    0.6273    0.3350    1.0000    1.0000    1.0000    3.3919    6.3517    2.1277    2.1277    2.1277    3.3919    6.3517   -0.4836    0.0182    0.9453
  67  80.40    0.6127    0.3272    1.0000    1.0000    1.0000    3.4726    6.5033    2.1277    2.1277    2.1277    3.4726    6.5033   -0.5317    0.0001    0.9059
  68  81.60    0.5858    0.3160    1.0000    1.0000    1.0000    3.6324    6.7331    2.1277    2.1277    2.1277    3.6324    6.7331   -0.5914   -0.0239    0.8650
  69  82.80    0.5567    0.3019    1.0000    1.0000    1.0000    3.8222    7.0470    2.1277    2.1277    2.1277    3.8222    7.0470   -0.6567   -0.0512    0.8290
  70  84.00    0.5238    0.2871    1.0000    1.0000    1.0000    4.0624    7.4111    2.1277    2.1277    2.1277    4.0624    7.4111   -0.7152   -0.0828    0.8016
  71  85.20    0.4894    0.2740    1.0000    1.0000    1.0000    4.3478    7.7648    2.1277    2.1277    2.1277    4.3478    7.7648   -0.7809   -0.1160    0.7778
  72  86.40    0.4653    0.2724    1.0000    1.0000    1.0000    4.5726    7.8120    2.1277    2.1277    2.1277    4.5726    7.8120   -0.8485   -0.1453    0.7702
  73  87.60    0.4437    0.2715    1.0000    1.0000    1.0000    4.7958    7.8356    2.1277    2.1277    2.1277    4.7958    7.8356   -0.9170   -0.1786    0.7563
  74  88.80    0.4266    0.2649    1.0000    1.0000    1.0000    4.9872    8.0320    2.1277    2.1277    2.1277    4.9872    8.0320   -0.9665   -0.2134    0.7503
  75  90.00    0.4147    0.2608    1.0000    1.0000    1.0000    5.1313    8.1578    2.1277    2.1277    2.1277    5.1313    8.1578   -0.9948   -0.2476    0.7521
  76  91.20    0.4050    0.2644    1.0000    1.0000    1.0000    5.2541    8.0477    2.1277    2.1277    2.1277    5.2541    8.0477   -1.0117   -0.2847    0.7559
  77  92.40    0.3839    0.2624    1.0000    1.0000    1.0000    5.5422    8.1101    2.1277    2.1277    2.1277    5.5422    8.1101   -1.0167   -0.3217    0.7618
  78  93.60    0.3716    0.2537    1.0000    1.0000    1.0000    5.7252    8.3870    2.1277    2.1277    2.1277    5.7252    8.3870   -1.0051   -0.3660    0.7742
  79  94.80    0.3610    0.2549    1.0000    1.0000    1.0000    5.8947    8.3471    2.1277    2.1277    2.1277    5.8947    8.3471   -0.9838   -0.4058    0.7902
  80  96.00    0.3492    0.2581    1.0000    1.0000    1.0000    6.0925    8.2429    2.1277    2.1277    2.1277    6.0925    8.2429   -0.9687   -0.4418    0.8103
  81  97.20    0.3447    0.2619    1.0000    1.0000    1.0000    6.1724    8.1242    2.1277    2.1277    2.1277    6.1724    8.1242   -0.9560   -0.4673    0.8381
  82  98.40    0.3387    0.2637    1.0000    1.0000    1.0000    6.2819    8.0677    2.1277    2.1277    2.1277    6.2819    8.0677   -0.9434   -0.4872    0.8672
  83  99.60    0.3269    0.2654    1.0000    1.0000    1.0000    6.5093    8.0162    2.1277    2.1277    2.1277    6.5093    8.0162   -0.9240   -0.4979    0.8908
  84 100.80    0.3273    0.2698    1.0000    1.0000    1.0000    6.5009    7.8854    2.1277    2.1277    2.1277    6.5009    7.8854   -0.8958   -0.5084    0.9209
  85 102.00    0.3277    0.2768    1.0000    1.0000    1.0000    6.4932    7.6854    2.1277    2.1277    2.1277    6.4932    7.6854   -0.8892   -0.5187    0.9466
  86 103.20    0.3252    0.2781    1.0000    1.0000    1.0000    6.5430    7.6500    2.1277    2.1277    2.1277    6.5430    7.6500   -0.8819   -0.5230    0.9681
  87 104.40    0.3316    0.2776    1.0000    1.0000    1.0000    6.4156    7.6656    2.1277    2.1277    2.1277    6.4156    7.6656   -0.8728   -0.5199    0.9884
  88 105.60    0.3313    0.2768    1.0000    1.0000    1.0000    6.4221    7.6868    2.1277    2.1277    2.1277    6.4221    7.6868   -0.8609   -0.5139    0.9993
  89 106.80    0.3368    0.2707    1.0000    1.0000    1.0000    6.3180    7.8608    2.1277    2.1277    2.1277    6.3180    7.8608   -0.8469   -0.5067    1.0035
  90 108.00    0.3373    0.2633    1.0000    1.0000    1.0000    6.3078    8.0817    2.1277    2.1277    2.1277    6.3078    8.0817   -0.8473   -0.4979    0.9975
  91 109.20    0.3294    0.2524    1.0000    1.0000    1.0000    6.4593    8.4287    2.1277    2.1277    2.1277    6.4593    8.4287   -0.8482   -0.4912    0.9887
  92 110.40    0.3277    0.2497    1.0000    1.0000    1.0000    6.4925    8.5204    2.1277    2.1277    2.1277    6.4925    8.5204   -0.8483   -0.4863    0.9833
  93 111.60    0.3299    0.2490    1.0000    1.0000    1.0000    6.4501    8.5449    2.1277    2.1277    2.1277    6.4501    8.5449   -0.8475   -0.4806    0.9807
  94 112.80    0.3153    0.2457    1.0000    1.0000    1.0000    6.7487    8.6587    2.1277    2.1277    2.1277    6.7487    8.6587   -0.8396   -0.4782    0.9790
  95 114.00    0.3031    0.2432    1.0000    1.0000    1.0000    7.0189    8.7502    2.1277    2.1277    2.1277    7.0189    8.7502   -0.8423   -0.4775    0.9838
  96 115.20    0.2977    0.2415    1.0000    1.0000    1.0000    7.1470    8.8098    2.1277    2.1277    2.1277    7.1470    8.8098   -0.8514   -0.4789    0.9947
  97 116.40    0.2881    0.2358    1.0000    1.0000    1.0000    7.3865    9.0223    2.1277    2.1277    2.1277    7.3865    9.0223   -0.8641   -0.4845    1.0085
  98 117.60    0.2874    0.2298    1.0000    1.0000    1.0000    7.4038    9.2596    2.1277    2.1277    2.1277    7.4038    9.2596   -0.8745   -0.4941    1.0242
  99 118.80    0.2887    0.2251    1.0000    1.0000    1.0000    7.3702    9.4533    2.1277    2.1277    2.1277    7.3702    9.4533   -0.8766   -0.5101    1.0387
 100 120.00    0.2970    0.2209    1.0000    1.0000    1.0000    7.1650    9.6311    2.1277    2.1277    2.1277    7.1650    9.6311   -0.8695   -0.5313    1.0512
 101 121.20    0.3100    0.2141    1.0000    1.0000    1.0000    6.8639    9.9369    2.1277    2.1277    2.1277    6.8639    9.9369   -0.8576   -0.5579    1.0598
 102 122.40    0.3205    0.2042    1.0000    1.0000    1.0000    6.6383   10.4188    2.1277    2.1277    2.1277    6.6383   10.4188   -0.8459   -0.5953    1.0592
 103 123.60    0.3253    0.2012    1.0000    1.0000    1.0000    6.5415   10.5733    2.1277    2.1277    2.1277    6.5415   10.5733   -0.8403   -0.6409    1.0508
 104 124.80    0.3262    0.2000    1.0000    1.0000    1.0000    6.5224   10.6385    2.1277    2.1277    2.1277    6.5224   10.6385   -0.8279   -0.6924    1.0378
 105 126.00    0.3278    0.2065    1.0000    1.0000    1.0000    6.4913   10.3021    2.1277    2.1277    2.1277    6.4913   10.3021   -0.8076   -0.7479    1.0232
 106 127.20    0.3272    0.2111    1.0000    1.0000    1.0000    6.5033   10.0805    2.1277    2.1277    2.1277    6.5033   10.0805   -0.7813   -0.8089    1.0065
 107 128.40    0.3249    0.2103    1.0000    1.0000    1.0000    6.5495   10.1196    2.1277    2.1277    2.1277    6.5495   10.1196   -0.7534   -0.8708    0.9875
 108 129.60    0.3162    0.2116    1.0000    1.0000    1.0000    6.7299   10.0571    2.1277    2.1277    2.1277    6.7299   10.0571   -0.7312   -0.9444    0.9695
 109 130.80    0.3078    0.2166    1.0000    1.0000    1.0000    6.9119    9.8254    2.1277    2.1277    2.1277    6.9119    9.8254   -0.7158   -1.0211    0.9464
 110 132.00    0.3055    0.2231    1.0000    1.0000    1.0000    6.9640    9.5375    2.1277    2.1277    2.1277    6.9640    9.5375   -0.7085   -1.0997    0.9208
 111 133.20    0.2991    0.2224    1.0000    1.0000    1.0000    7.1131    9.5679    2.1277    2.1277    2.1277    7.1131    9.5679   -0.7150   -1.1777    0.9040
 112 134.40    0.2948    0.2230    1.0000    1.0000    1.0000    7.2176    9.5418    2.1277    2.1277    2.1277    7.2176    9.5418   -0.7196   -1.2559    0.8852
 113 135.60    0.2932    0.2233    1.0000    1.0000    1.0000    7.2575    9.5278    2.1277    2.1277    2.1277    7.2575    9.5278   -0.7210   -1.3365    0.8655
 114 136.80    0.2955    0.2259    1.0000    1.0000    1.0000    7.1995    9.4167    2.1277    2.1277    2.1277    7.1995    9.4167   -0.7138   -1.4187    0.8442
 115 138.00    0.3001    0.2271    1.0000    1.0000    1.0000    7.0902    9.3705    2.1277    2.1277    2.1277    7.0902    9.3705   -0.7065   -1.5006    0.8180
 116 139.20    0.3083    0.2227    1.0000    1.0000    1.0000    6.9009    9.5525    2.1277    2.1277    2.1277    6.9009    9.5525   -0.6994   -1.5768    0.7929
 117 140.40    0.3138    0.2173    1.0000    1.0000    1.0000    6.7800    9.7916    2.1277    2.1277    2.1277    6.7800    9.7916   -0.6855   -1.6483    0.7664
 118 141.60    0.3176    0.2232    1.0000    1.0000    1.0000    6.6993    9.5307    2.1277    2.1277    2.1277    6.6993    9.5307   -0.6630   -1.7195    0.7323
 119 142.80    0.3266    0.2328    1.0000    1.0000    1.0000    6.5139    9.1412    2.1277    2.1277    2.1277    6.5139    9.1412   -0.6365   -1.7863    0.6955
 120 144.00    0.3347    0.2426    1.0000    1.0000    1.0000    6.3576    8.7693    2.1277    2.1277    2.1277    6.3576    8.7693   -0.6052   -1.8510    0.6507
 121 145.20    0.3408    0.2532    1.0000    1.0000    1.0000    6.2426    8.4049    2.1277    2.1277    2.1277    6.2426    8.4049   -0.5694   -1.9103    0.5996
 122 146.40    0.3437    0.2608    1.0000    1.0000    1.0000    6.1909    8.1586    2.1277    2.1277    2.1277    6.1909    8.1586   -0.5274   -1.9650    0.5457
 123 147.60    0.3408    0.2737    1.0000    1.0000    1.0000    6.2434    7.7745    2.1277    2.1277    2.1277    6.2434    7.7745   -0.4857   -2.0165    0.4860
 124 148.80    0.3298    0.2836    1.0000    1.0000    1.0000    6.4522    7.5033    2.1277    2.1277    2.1277    6.4522    7.5033   -0.4497   -2.0670    0.4200
 125 150.00    0.3217    0.2866    1.0000    1.0000    1.0000    6.6139    7.4228    2.1277    2.1277    2.1277    6.6139    7.4228   -0.4113   -2.1163    0.3509
 126 151.20    0.3187    0.2893    1.0000    0.9847    1.0000    6.6752    7.3559    2.1277    2.1608    2.1277    6.6752    7.3559   -0.3680   -2.1608    0.2849
 127 152.40    0.3192    0.2998    1.0000    0.9659    1.0000    6.6667    7.0966    2.1277    2.2028    2.1277    6.6667    7.0966   -0.3205   -2.2028    0.2202
 128 153.60    0.3198    0.3050    1.0000    0.9494    1.0000    6.6530    6.9755    2.1277    2.2410    2.1277    6.6530    6.9755   -0.2724   -2.2410    0.1572
 129 154.80    0.3202    0.3097    1.0000    0.9343    1.0000    6.6450    6.8713    2.1277    2.2772    2.1277    6.6450    6.8713   -0.2277   -2.2772    0.0952
 130 156.00    0.3205    0.3150    1.0000    0.9198    1.0000    6.6386    6.7553    2.1277    2.3132    2.1277    6.6386    6.7553   -0.1945   -2.3132    0.0345
 131 157.20    0.3215    0.3173    1.0000    0.9065    1.0000    6.6179    6.7064    2.1277    2.3471    2.1277    6.6179    6.7064   -0.1674   -2.3471   -0.0292
 132 158.40    0.3244    0.3222    1.0000    0.8936    1.0000    6.5580    6.6038    2.1277    2.3811    2.1277    6.5580    6.6038   -0.1406   -2.3811   -0.0924
 133 159.60    0.3292    0.3290    1.0000    0.8811    1.0000    6.4624    6.4673    2.1277    2.4148    2.1277    6.4624    6.4673   -0.1151   -2.4148   -0.1562
 134 160.80    0.3364    0.3423    1.0000    0.8694    1.0000    6.3257    6.2164    2.1277    2.4473    2.1277    6.3257    6.2164   -0.0955   -2.4473   -0.2194
 135 162.00    0.3481    0.3554    1.0000    0.8583    1.0000    6.1120    5.9863    2.1277    2.4790    2.1277    6.1120    5.9863   -0.0827   -2.4790   -0.2803
 136 163.20    0.3611    0.3667    1.0000    0.8466    1.0000    5.8920    5.8018    2.1277    2.5131    2.1277    5.8920    5.8018   -0.0761   -2.5131   -0.3403
 137 164.40    0.3763    0.3757    1.0000    0.8361    1.0000    5.6544    5.6626    2.1277    2.5449    2.1277    5.6544    5.6626   -0.0668   -2.5449   -0.3959
 138 165.60    0.3939    0.3867    1.0000    0.8260    1.0000    5.4018    5.5025    2.1277    2.5760    2.1277    5.4018    5.5025   -0.0542   -2.5760   -0.4473
 139 166.80    0.4118    0.3983    1.0000    0.8166    1.0000    5.1667    5.3415    2.1277    2.6055    2.1277    5.1667    5.3415   -0.0411   -2.6055   -0.4946
 140 168.00    0.4253    0.4064    1.0000    0.8078    1.0000    5.0030    5.2358    2.1277    2.6339    2.1277    5.0030    5.2358   -0.0270   -2.6339   -0.5342
 141 169.20    0.4346    0.4103    1.0000    0.7999    1.0000    4.8958    5.1863    2.1277    2.6600    2.1277    4.8958    5.1863   -0.0098   -2.6600   -0.5658
 142 170.40    0.4422    0.4186    1.0000    0.7936    1.0000    4.8114    5.0823    2.1277    2.6812    2.1277    4.8114    5.0823    0.0118   -2.6812   -0.5907
 143 171.60    0.4530    0.4305    1.0000    0.7879    1.0000    4.6970    4.9421    2.1277    2.7004    2.1277    4.6970    4.9421    0.0388   -2.7004   -0.6079
 144 172.80    0.4641    0.4442    1.0000    0.7835    1.0000    4.5846    4.7898    2.1277    2.7156    2.1277    4.5846    4.7898    0.0687   -2.7156   -0.6185
 145 174.00    0.4793    0.4543    1.0000    0.7810    1.0000    4.4393    4.6838    2.1277    2.7245    2.1277    4.4393    4.6838    0.1003   -2.7245   -0.6222
 146 175.20    0.4921    0.4660    1.0000    0.7799    1.0000    4.3241    4.5655    2.1277    2.7280    2.1277    4.3241    4.5655    0.1265   -2.7280   -0.6219
 147 176.40    0.5082    0.4799    1.0000    0.7816    1.0000    4.1870    4.4338    2.1277    2.7224    2.1277    4.1870    4.4338    0.1501   -2.7224   -0.6155
 148 177.60    0.5251    0.4994    1.0000    0.7862    1.0000    4.0519    4.2607    2.1277    2.7064    2.1277    4.0519    4.2607    0.1689   -2.7064   -0.6062
 149 178.80    0.5468    0.5241    1.0000    0.7947    1.0000    3.8912    4.0594    2.1277    2.6773    2.1277    3.8912    4.0594    0.1851   -2.6773   -0.5898
 150 180.00    0.5718    0.5524    1.0000    0.8079    1.0000    3.7211    3.8515    2.1277    2.6335    2.1277    3.7211    3.8515    0.1977   -2.6335   -0.5691
 151 181.20    0.6006    0.5861    1.0000    0.8261    1.0000    3.5426    3.6302    2.1277    2.5755    2.1277    3.5426    3.6302    0.2081   -2.5755   -0.5436
 152 182.40    0.6330    0.6255    1.0000    0.8503    1.0000    3.3612    3.4017    2.1277    2.5022    2.1277    3.3612    3.4017    0.2175   -2.5022   -0.5153
 153 183.60    0.6715    0.6709    1.0000    0.8817    1.0000    3.1684    3.1712    2.1277    2.4131    2.1277    3.1684    3.1712    0.2252   -2.4131   -0.4819
 154 184.80    0.7156    0.7233    1.0000    0.9218    1.0000    2.9734    2.9417    2.1277    2.3081    2.1277    2.9734    2.9417    0.2291   -2.3081   -0.4463
 155 186.00    0.7662    0.7835    1.0000    0.9733    1.0000    2.7768    2.7158    2.1277    2.1861    2.1277    2.7768    2.7158    0.2290   -2.1861   -0.4093
 156 187.20    0.8218    0.8565    1.0000    1.0000    1.0000    2.5890    2.4843    2.1277    2.1277    2.1277    2.5890    2.4843    0.2269   -2.0492   -0.3717
 157 188.40    0.8851    0.9483    1.0000    1.0000    1.0000    2.4038    2.2437    2.1277    2.1277    2.1277    2.4038    2.2437    0.2240   -1.8991   -0.3360
 158 189.60    0.9596    1.0000    1.0000    1.0000    1.0000    2.2172    2.1277    2.1277    2.1277    2.1277    2.2172    2.0111    0.2215   -1.7433   -0.3022
 159 190.80    1.0000    1.0000    1.0000    1.0000    1.0000    2.1277    2.1277    2.1277    2.1277    2.1277    2.0265    1.7843    0.2160   -1.5815   -0.2704
 160 192.00    1.0000    1.0000    1.0000    1.0000    1.0000    2.1277    2.1277    2.1277    2.1277    2.1277    1.8278    1.5605    0.2050   -1.4131   -0.2393
 161 193.20    1.0000    1.0000    1.0000    1.0000    1.0000    2.1277    2.1277    2.1277    2.1277    2.1277    1.6223    1.3389    0.1921   -1.2403   -0.2091
 162 194.40    1.0000    1.0000    1.0000    1.0000    1.0000    2.1277    2.1277    2.1277    2.1277    2.1277    1.4081    1.1168    0.1773   -1.0621   -0.1779
 163 195.60    1.0000    1.0000    1.0000    1.0000    1.0000    2.1277    2.1277    2.1277    2.1277    2.1277    1.1824    0.8983    0.1587   -0.8791   -0.1467
 164 196.80    1.0000    1.0000    1.0000    1.0000    1.0000    2.1277    2.1277    2.1277    2.1277    2.1277    0.9591    0.7025    0.1373   -0.7022   -0.1180
 165 198.00    1.0000    1.0000    1.0000    1.0000    1.0000    2.1277    2.1277    2.1277    2.1277    2.1277    0.7286    0.5178    0.1090   -0.5267   -0.0889
 166 199.20    1.0000    1.0000    1.0000    1.0000    1.0000    2.1277    2.1277    2.1277    2.1277    2.1277    0.4920    0.3423    0.0749   -0.3519   -0.0599
 167 200.40    1.0000    1.0000    1.0000    1.0000    1.0000    2.1277    2.1277    2.1277    2.1277    2.1277    0.2476    0.1704    0.0388   -0.1760   -0.0303
 168 201.60    1.0000    1.0000    1.0000    1.0000    1.0000    2.1277    2.1277    2.1277    2.1277    2.1277    0.0000    0.0000    0.0000    0.0000    0.0000
 169 202.80    1.0000    1.0000    1.0000    1.0000    1.0000    2.1277    2.1277    2.1277    2.1277    2.1277    0.0000    0.0000    0.0000    0.0000    0.0000
 170 204.00    1.0000    1.0000    1.0000    1.0000    1.0000    2.1277    2.1277    2.1277    2.1277    2.1277    0.0000    0.0000    0.0000    0.0000    0.0000
 171 205.20    1.0000    1.0000    1.0000    1.0000    1.0000    2.1277    2.1277    2.1277    2.1277    2.1277    0.0000    0.0000    0.0000    0.0000    0.0000
 172 206.40    1.0000    1.0000    1.0000    1.0000    1.0000    2.1277    2.1277    2.1277    2.1277    2.1277    0.0000    0.0000    0.0000    0.0000    0.0000
 173 207.60    1.0000    1.0000    1.0000    1.0000    1.0000    2.1277    2.1277    2.1277    2.1277    2.1277    0.0000    0.0000    0.0000    0.0000    0.0000
 174 208.80    1.0000    1.0000    1.0000    1.0000    1.0000    2.1277    2.1277    2.1277    2.1277    2.1277    0.0000    0.0000    0.0000    0.0000    0.0000
 175 210.00    1.0000    1.0000    1.0000    1.0000    1.0000    2.1277    2.1277    2.1277    2.1277    2.1277    0.0000    0.0000    0.0000    0.0000    0.0000
 176 211.20    1.0000    1.0000    1.0000    1.0000    1.0000    2.1277    2.1277    2.1277    2.1277    2.1277    0.0000    0.0000    0.0000    0.0000    0.0000
 177 212.40    1.0000    1.0000    1.0000    1.0000    1.0000    2.1277    2.1277    2.1277    2.1277    2.1277    0.0000    0.0000    0.0000    0.0000    0.0000
 178 213.60    1.0000    1.0000    1.0000    1.0000    1.0000    2.1277    2.1277    2.1277    2.1277    2.1277    0.0000    0.0000    0.0000    0.0000    0.0000
 179 214.80    1.0000    1.0000    1.0000    1.0000    1.0000    2.1277    2.1277    2.1277    2.1277    2.1277    0.0000    0.0000    0.0000    0.0000    0.0000
 180 216.00    1.0000    1.0000    1.0000    1.0000    1.0000    2.1277    2.1277    2.1277    2.1277    2.1277    0.0000    0.0000    0.0000    0.0000    0.0000
 181 217.20    1.0000    1.0000    1.0000    1.0000    1.0000    2.1277    2.1277    2.1277    2.1277    2.1277    0.0000    0.0000    0.0000    0.0000    0.0000
 182 218.40    1.0000    1.0000    1.0000    1.0000    1.0000    2.1277    2.1277    2.1277    2.1277    2.1277    0.0000    0.0000    0.0000    0.0000    0.0000
 183 219.60    1.0000    1.0000    1.0000    1.0000    1.0000    2.1277    2.1277    2.1277    2.1277    2.1277    0.0000    0.0000    0.0000    0.0000    0.0000
 184 220.80    1.0000    1.0000    1.0000    1.0000    1.0000    2.1277    2.1277    2.1277    2.1277    2.1277    0.0000    0.0000    0.0000    0.0000    0.0000
 185 222.00    1.0000    1.0000    1.0000    1.0000    1.0000    2.1277    2.1277    2.1277    2.1277    2.1277    0.0000    0.0000    0.0000    0.0000    0.0000
 186 223.20    1.0000    1.0000    1.0000    1.0000    1.0000    2.1277    2.1277    2.1277    2.1277    2.1277    0.0000    0.0000    0.0000    0.0000    0.0000
 187 224.40    1.0000    1.0000    1.0000    1.0000    1.0000    2.1277    2.1277    2.1277    2.1277    2.1277    0.0000    0.0000    0.0000    0.0000    0.0000
 188 225.60    1.0000    1.0000    1.0000    1.0000    1.0000    2.1277    2.1277    2.1277    2.1277    2.1277    0.0000    0.0000    0.0000    0.0000    0.0000
 189 226.80    1.0000    1.0000    1.0000    1.0000    1.0000    2.1277    2.1277    2.1277    2.1277    2.1277    0.0000    0.0000    0.0000    0.0000    0.0000
 190 228.00    1.0000    1.0000    1.0000    1.0000    1.0000    2.1277    2.1277    2.1277    2.1277    2.1277    0.0000    0.0000    0.0000    0.0000    0.0000
 191 229.20    1.0000    1.0000    1.0000    1.0000    1.0000    2.1277    2.1277    2.1277    2.1277    2.1277    0.0000    0.0000    0.0000    0.0000    0.0000
 192 230.40    1.0000    1.0000    1.0000    1.0000    1.0000    2.1277    2.1277    2.1277    2.1277    2.1277    0.0000    0.0000    0.0000    0.0000    0.0000
 193 231.60    1.0000    1.0000    1.0000    1.0000    1.0000    2.1277    2.1277    2.1277    2.1277    2.1277    0.0000    0.0000    0.0000    0.0000    0.0000
 194 232.80    1.0000    1.0000    1.0000    1.0000    1.0000    2.1277    2.1277    2.1277    2.1277    2.1277    0.0000    0.0000    0.0000    0.0000    0.0000
 195 234.00    1.0000    1.0000    1.0000    1.0000    1.0000    2.1277    2.1277    2.1277    2.1277    2.1277    0.0000    0.0000    0.0000    0.0000    0.0000
 196 235.20    1.0000    1.0000    1.0000    1.0000    1.0000    2.1277    2.1277    2.1277    2.1277    2.1277    0.0000    0.0000    0.0000    0.0000    0.0000
 197 236.40    1.0000    1.0000    1.0000    1.0000    1.0000    2.1277    2.1277    2.1277    2.1277    2.1277    0.0000    0.0000    0.0000    0.0000    0.0000
 198 237.60    1.0000    1.0000    1.0000    1.0000    1.0000    2.1277    2.1277    2.1277    2.1277    2.1277    0.0000    0.0000    0.0000    0.0000    0.0000
 199 238.80    1.0000    1.0000    1.0000    1.0000    1.0000    2.1277    2.1277    2.1277    2.1277    2.1277    0.0000    0.0000    0.0000    0.0000    0.0000
 200 240.00    1.0000    1.0000    1.0000    1.0000    1.0000    2.1277    2.1277    2.1277    2.1277    2.1277    0.0000    0.0000    0.0000    0.0000    0.0000
 201 241.20    1.0000    1.0000    1.0000    1.0000    1.0000    2.1277    2.1277    2.1277    2.1277    2.1277    0.0000    0.0000    0.0000    0.0000    0.0000
 202 242.40    1.0000    1.0000    1.0000    1.0000    1.0000    2.1277    2.1277    2.1277    2.1277    2.1277    0.0000    0.0000    0.0000    0.0000    0.0000
 203 243.60    1.0000    1.0000    1.0000    1.0000    1.0000    2.1277    2.1277    2.1277    2.1277    2.1277    0.0000    0.0000    0.0000    0.0000    0.0000
 204 244.80    1.0000    1.0000    1.0000    1.0000    1.0000    2.1277    2.1277    2.1277    2.1277    2.1277    0.0000    0.0000    0.0000    0.0000    0.0000
 205 246.00    1.0000    1.0000    1.0000    1.0000    1.0000    2.1277    2.1277    2.1277    2.1277    2.1277    0.0000    0.0000    0.0000    0.0000    0.0000
 206 247.20    1.0000    1.0000    1.0000    1.0000    1.0000    2.1277    2.1277    2.1277    2.1277    2.1277    0.0000    0.0000    0.0000    0.0000    0.0000
 207 248.40    1.0000    1.0000    1.0000    1.0000    1.0000    2.1277    2.1277    2.1277    2.1277    2.1277    0.0000    0.0000    0.0000    0.0000    0.0000
 208 249.60    1.0000    1.0000    1.0000    1.0000    1.0000    2.1277    2.1277    2.1277    2.1277    2.1277    0.0000    0.0000    0.0000    0.0000    0.0000
 209 250.80    1.0000    1.0000    1.0000    1.0000    1.0000    2.1277    2.1277    2.1277    2.1277    2.1277    0.0000    0.0000    0.0000    0.0000    0.0000
 210 252.00    1.0000    1.0000    1.0000    1.0000    1.0000    2.1277    2.1277    2.1277    2.1277    2.1277    0.0000    0.0000    0.0000    0.0000    0.0000
 211 253.20    1.0000    1.0000    1.0000    1.0000    1.0000    2.1277    2.1277    2.1277    2.1277    2.1277    0.0000    0.0000    0.0000    0.0000    0.0000
 212 254.40    1.0000    1.0000    1.0000    1.0000    1.0000    2.1277    2.1277    2.1277    2.1277    2.1277    0.0000    0.0000    0.0000    0.0000    0.0000
 213 255.60    1.0000    1.0000    1.0000    1.0000    1.0000    2.1277    2.1277    2.1277    2.1277    2.1277    0.0000    0.0000    0.0000    0.0000    0.0000
 214 256.80    1.0000    1.0000    1.0000    1.0000    1.0000    2.1277    2.1277    2.1277    2.1277    2.1277    0.0000    0.0000    0.0000    0.0000    0.0000
 215 258.00    1.0000    1.0000    1.0000    1.0000    1.0000    2.1277    2.1277    2.1277    2.1277    2.1277    0.0000    0.0000    0.0000    0.0000    0.0000
 216 259.20    1.0000    1.0000    1.0000    1.0000    1.0000    2.1277    2.1277    2.1277    2.1277    2.1277    0.0000    0.0000    0.0000    0.0000    0.0000
 217 260.40    1.0000    1.0000    1.0000    1.0000    1.0000    2.1277    2.1277    2.1277    2.1277    2.1277    0.0000    0.0000    0.0000    0.0000    0.0000
