    1    1   -10.00  -444.00    18.02167    96.49805    26.660     0.1499    -0.016600000    -0.079200000     0.095799997     0.078000002     0.039500002     0.084200002   20  337.34  244.91   53.76   86.69  -175.89   -36.31  194.80  296.94   60.41   27.31   22.16   53.56    17.27
    1    2   -10.00  -432.00    18.12923    96.48389    26.660     0.1779    -0.042700000    -0.071300000     0.114000000    -0.102700002     0.011000000    -0.105099998   20   15.96  115.05   54.19   77.65   -15.29  -143.20  341.72  240.98  131.00   34.40   15.22   51.46    -4.83
    1    3   -10.00  -420.00    18.23680    96.46973    26.660     0.1585    -0.026500000    -0.127399996     0.153899997    -0.054400001    -0.005600000    -0.042700000   20   34.24  128.88   73.53   74.70   -15.97  -162.91  351.74  261.41  169.52   22.77    0.79   67.21     4.49
    1    4   -10.00  -408.00    18.34436    96.45557    26.660     0.2269    -0.002600000    -0.180600002     0.183200002     0.057399999     0.014100000     0.122100003   20  332.41  241.51   75.43   86.54  -176.43   -14.60  196.07  287.83   48.47   12.74    7.77   75.01    -4.16
    1    5   -10.00  -396.00    18.45192    96.44141    26.660     0.1780    -0.042900000    -0.128100008     0.171000004    -0.010200000    -0.033000000     0.091899998   20  150.49  241.05   84.01   84.65   174.62     6.01   15.74  105.80  282.59    0.45    8.03   81.96    47.33
    1    6   -10.00  -384.00    18.55948    96.42725    26.660     0.1761    -0.013400000    -0.112199992     0.125599995    -0.023900000    -0.026100000     0.125400007   20  157.89  248.52   80.08   86.39   176.33     9.94   22.83  113.58  268.30    4.43    9.57   79.44    19.59
    1    7   -10.00  -372.00    18.66705    96.41308    26.660     0.2174    -0.020400001    -0.068099998     0.088500001    -0.037000000     0.001300000     0.199200004   20  169.53   78.93   80.02   86.61  -176.55   -10.00   33.84  124.61  240.37    9.47    4.63   79.44    14.86
    1    8   -10.00  -360.00    18.77461    96.39892    26.660     0.2815    -0.023499999    -0.017200001     0.040700000    -0.039700001     0.036200002     0.274199992   20  177.62   86.35   81.57   81.47  -171.38    -8.53   41.99  311.98  221.67   12.04    0.07   77.96     8.38
    1    9   -10.00  -348.00    18.88217    96.38476    26.660     0.3944    -0.002700000     0.007000000    -0.004300000    -0.011500000     0.068700001     0.388200015   20  180.57   90.26   88.26   79.98  -169.98    -1.77   45.84  314.99  190.31    8.31    5.83   79.83    -0.78
    1   10   -10.00  -336.00    18.98974    96.37060    26.660     0.5344    -0.004100000     0.001700000     0.002400000     0.077699997     0.102200001     0.519500017   20  359.28   90.72   82.32   79.48   169.38     7.81   45.22  314.77  143.81    1.99   12.92   76.92    11.87
    1   11   -10.00  -324.00    19.09730    96.35643    26.660     0.4859     0.015699999    -0.023399999     0.007700000    -0.026000001     0.123999998     0.469199985   20  179.21   88.74   88.21   75.29  -165.28    -1.86   44.92  313.04  186.01   11.64    9.06   75.18   -10.41
    1   12   -10.00  -312.00    19.20486    96.34227    26.660     0.4755     0.006700000    -0.037900001     0.031199999    -0.100900002     0.126699999     0.448300004   20  179.00   86.40   80.20   75.30  -165.07   -10.14   43.26  312.19  211.57   17.45    3.39   72.20   -22.09
    1   13   -10.00  -300.00    19.31243    96.32811    26.660     0.4735     0.012900000    -0.083700001     0.070799999    -0.211199999     0.109999999     0.412200004   20  177.48   83.15   67.45   79.70  -168.83   -22.94   38.36  132.00  240.24   23.43    8.32   64.97   -40.42
    1   14   -10.00  -288.00    19.41999    96.31395    26.660     0.5803     0.006800000    -0.126000002     0.119199999    -0.177599996     0.089000002     0.534200013   20  174.92   82.40   74.38   81.08  -170.73   -15.81   37.90  129.36  233.70   17.46    4.63   71.90   -21.09
    1   15   -10.00  -276.00    19.52755    96.29979    26.660     0.6709    -0.006000000    -0.163400009     0.169400007    -0.070200004     0.078900002     0.641300023   20  173.05   82.40   84.97   82.58  -172.56    -5.07   37.86  307.60  206.91    8.82    1.68   81.02    -2.82
    1   16   -10.00  -264.00    19.63512    96.28562    26.660     0.7831     0.108400002    -0.266799986     0.158399999     0.007500000     0.123700000     0.742200017   20  351.63   82.25   86.34   80.37   170.35     3.71   37.29  306.59  151.07    4.20    9.41   79.68   -23.17
    1   17   -10.00  -252.00    19.74268    96.27146    26.660     0.8770     0.130099997    -0.317099988     0.187000006     0.082800001     0.098499998     0.827600002   20  351.06   82.02   82.30   82.91   172.85     7.76  216.50  306.58  124.17    0.43   10.49   79.50   -22.87
    1   18   -10.00  -240.00    19.85024    96.25730    26.660     0.8825     0.202399999    -0.388400018     0.186000004     0.096299998     0.083300002     0.820299983   20  349.79   81.00   80.60   82.74   172.64     9.47  215.25  305.56  118.15    1.49   11.82   78.08   -36.52
    1   19   -10.00  -228.00    19.95781    96.24314    26.660     0.8021     0.132499993    -0.349799991     0.217299998     0.075900003     0.025699999     0.745400012   20  349.49   79.75   83.76   87.66   177.65     6.25  214.48  304.77  100.19    2.75    6.07   83.33   -29.55
    1   20   -10.00  -216.00    20.06537    96.22897    26.660     0.9774     0.132300004    -0.430800021     0.298500001     0.184100002    -0.004000000     0.888800025   20  348.96  258.94   79.41   89.92  -179.92   -10.59  213.46  304.44   78.52    7.52    7.41   79.41   -26.71
    1   21   -10.00  -204.00    20.17293    96.21481    26.660     0.9999     0.033399999    -0.350400001     0.317000002     0.201100007    -0.018700000     0.921299994   20  350.31  259.86   78.92   87.71  -177.67   -11.09  214.56  305.60   68.35    9.45    6.18   78.68   -10.09
    1   22   -10.00  -192.00    20.28049    96.20065    26.660     1.0477     0.045600001    -0.364600003     0.319000006     0.191799998     0.020099999     0.971499979   20  350.34   80.35   79.41   89.97   179.97    10.59  214.85  305.83   80.52    7.44    7.49   79.41    -8.92
    1   23   -10.00  -180.00    20.38806    96.18649    26.660     0.9681    -0.013500000    -0.276499987     0.289999992     0.141499996     0.033199999     0.914300025   20  351.35   81.42   81.41   89.52   179.51     8.60  216.06  306.71   84.61    5.72    6.41   81.39     3.38
    1   24   -10.00  -168.00    20.49562    96.17233    26.660     1.0188    -0.009800000    -0.219099998     0.228900000     0.130999997     0.045699999     0.984200001   20  353.48   83.69   82.40   88.44   178.42     7.60  218.34  308.83   95.25    4.25    6.47   82.24     3.43
    1   25   -10.00  -156.00    20.60318    96.15816    26.660     0.9993    -0.086900003    -0.157000005     0.243900001    -0.046700001    -0.005300000     0.977800012   20  174.21   84.20   87.26   89.68  -179.68    -2.74   39.17  129.24  257.44    2.17    1.71   87.24    16.62
    1   26   -10.00  -144.00    20.71075    96.14400    26.660     1.2110    -0.217500001    -0.133500010     0.351000011     0.013200000    -0.053900000     1.184999943   20  354.26  264.20   88.86   87.09  -177.09    -1.15  219.26  129.20   15.72    2.87    1.25   86.87    32.75
    1   27   -10.00  -132.00    20.81831    96.12984    26.660     1.6064    -0.234899998    -0.170399994     0.405299991     0.207800001    -0.045299999     1.563500047   20  355.02  264.46   81.93   86.06  -176.02    -8.08  219.52  309.96   58.65    8.50    2.90   81.01    24.73
    1   28   -10.00  -120.00    20.92587    96.11568    26.660     1.3141    -0.208800003    -0.118799999     0.327600002     0.074100003    -0.109600000     1.286399961   20  355.32  264.88   85.83   84.01  -173.99    -4.19  220.18  130.02   29.96    7.20    1.28   82.69    27.44
    1   29   -10.00  -108.00    21.03344    96.10152    26.660     1.1290    -0.134200007    -0.144699991     0.278899997    -0.024900001    -0.116099998     1.103099942   20  174.55  264.63   89.21   84.39   174.39     0.79  219.73  129.46  346.57    3.41    4.52   84.33    23.24
    1   30   -10.00   -96.00    21.14100    96.08736    26.660     1.1055    -0.122000001    -0.181999981     0.303999990     0.003600000    -0.123700000     1.071300030   20  353.67  263.61   89.45   83.50  -173.50    -0.55  218.82  128.46  358.47    4.98    4.20   83.48    20.91
    1   31   -10.00   -84.00    21.24856    96.07320    26.660     1.2895     0.027300000    -0.310000002     0.282700002     0.141700000    -0.031700000     1.246700048   20  353.42  263.22   83.97   88.10  -178.09    -6.03  218.18  308.46   65.83    5.60    2.91   83.68    -5.65
    1   32   -10.00   -72.00    21.35612    96.05903    26.660     0.8700     0.082599998    -0.278599977     0.195999995    -0.120999999     0.013200000     0.828599989   20  172.10   81.99   82.33   89.18  -179.17    -7.67   36.79  127.30  255.90    6.00    4.83   82.28   -19.32
    1   33   -10.00   -60.00    21.46369    96.04487    26.660     0.9538     0.179600000    -0.343600005     0.164000005    -0.002100000     0.080399998     0.915400028   20  352.13   82.32   87.98   84.63   174.62     2.03   37.33  307.11  151.56    2.36    5.23   84.26   -33.77
    1   34   -10.00   -48.00    21.57125    96.03071    26.660     1.1865     0.303700000    -0.466199994     0.162499994     0.206900001     0.119700000     1.108000040   20  351.11   83.35   76.18   81.00   170.73    13.99  216.76  307.73  115.46    3.34   16.23   73.41   -37.44
    1   35   -10.00   -36.00    21.67881    96.01655    26.660     1.4300     0.199599996    -0.390399992     0.190799996     0.482600003     0.150700003     1.296900034   20  352.52   85.21   68.69   83.14   172.63    21.47  217.13  310.78  102.11    9.93   19.96   67.51   -13.08
    1   36   -10.00   -24.00    21.78638    96.00239    26.660     1.6218     0.046200000    -0.226900011     0.180700004     0.634599984     0.152999997     1.470499992   20  355.19   86.73   66.66   86.44   176.12    23.39  218.63  313.41   94.89   13.67   18.91   66.36     5.38
    1   37   -10.00   -12.00    21.89394    95.98822    26.660     1.7994    -0.071000002    -0.093199991     0.164199993     0.746299982     0.165299997     1.628299952   20  357.00   87.77   65.46   88.31   178.15    24.56  219.73  315.12   91.46   15.84   18.33   65.39    16.56
    1   38   -10.00     0.00    22.00150    95.97406    26.660     1.7781    -0.010700000    -0.102600001     0.113300003     0.836600006     0.214300007     1.556800008   20  356.65   88.42   61.97   86.69   176.25    28.08  219.12  316.16   94.60   16.94   21.91   61.74    17.38
    1   39   -10.00    12.00    22.10907    95.95990    26.660     1.7097     0.061400000    -0.128700003     0.067299999     0.875400007     0.266700000     1.447600007   20  355.81   89.03   59.27   84.60   173.72    30.88  218.46  316.85   97.97   17.14   25.33   58.70    19.26
    1   40   -10.00    24.00    22.21663    95.94574    26.660     1.3269     0.012900000     0.109799996    -0.122699998     0.660300016     0.201299995     1.139299989   20    0.46   93.82   61.51   83.85   173.00    28.67  223.82  320.87  104.90   15.16   24.39   60.74    26.89
    1   41   -10.00    36.00    22.32419    95.93157    26.660     1.1218    -0.004700000     0.229600012    -0.224900007     0.629899979     0.214200005     0.903400004   20    3.35   97.82   59.34   82.51   171.29    30.95  226.84  324.97  110.08   15.57   26.92   58.24    41.98
    1   42   -10.00    48.00    22.43176    95.91741    26.660     0.9871    -0.063600004     0.230200008    -0.166600004     0.755900025     0.220400006     0.631900012   20    2.68  271.83   40.43   89.27  -178.88   -49.57  215.04  329.11   91.21   33.18   31.96   40.42    58.92
    1   43   -10.00    60.00    22.53932    95.90325    26.660     0.7818    -0.114699997     0.303099990    -0.188400000     0.627099991     0.186199993     0.446000010   20    9.14  269.95   33.30   84.01  -169.04   -57.18  210.81  333.35   86.10   41.67   31.14   32.62    71.14
    1   44   -10.00    72.00    22.64688    95.88909    26.660     0.3616    -0.046300001     0.275200009    -0.228900000     0.263799995     0.101899996     0.077699997   20  223.73  132.92   89.21   44.54  -134.53    -1.13   98.41  348.51  224.50   30.91   29.62   44.53    74.30
    1   45   -10.00    84.00    22.75444    95.87492    26.660     0.1520    -0.022900000     0.144800007    -0.121900000     0.063600004    -0.002400000    -0.047100000   20  146.38   53.78   73.76   81.15     9.22   163.56  100.87    9.22  206.24    5.10   17.85   71.38    49.05
    2    1    -5.00  -444.00    18.01892    96.47402    22.330     0.2080    -0.016400000    -0.143800005     0.160200000     0.089299999     0.069300003     0.087099999   20  329.37  238.79   57.19   89.10  -178.93   -32.81  189.08  288.98   57.40   23.21   21.84   57.18    20.98
    2    2    -5.00  -432.00    18.12648    96.45986    22.330     0.2699    -0.061799999    -0.176899999     0.238700002    -0.118199997     0.023399999    -0.111199997   20   27.67  124.47   62.90   76.96   -14.68  -152.12  348.97  253.78  147.58   28.79    9.35   59.45     7.50
    2    3    -5.00  -420.00    18.23405    96.44570    22.330     0.3275    -0.063800000    -0.236000001     0.299800009    -0.137700006    -0.013100000    -0.115599997   20   29.97  126.66   69.27   72.89   -18.34  -158.27  349.01  257.76  163.09   27.28    2.42   62.60    -3.91
    2    4    -5.00  -408.00    18.34161    96.43154    22.330     0.3787    -0.025900001    -0.313499987     0.339399993     0.050400000     0.017600000     0.184100002   20  329.85  239.52   81.83   87.69  -177.67    -8.18  194.42  284.95   43.86    7.41    4.13   81.51    11.44
    2    5    -5.00  -396.00    18.44917    96.41737    22.330     0.3196    -0.079000004    -0.229600012     0.308600008    -0.034499999    -0.039799999     0.165199995   20  150.65   60.62   80.99   89.79  -179.78    -9.01   15.28  105.99  239.27    6.51    6.20   80.99    45.29
    2    6    -5.00  -384.00    18.55673    96.40321    22.330     0.3515    -0.077799998    -0.174099982     0.251899987    -0.048200000    -0.034499999     0.273799986   20  160.96   70.89   80.55   89.56  -179.55    -9.45   25.53  116.32  248.25    6.98    6.36   80.53    40.94
    2    7    -5.00  -372.00    18.66430    96.38905    22.330     0.4445    -0.069499999    -0.109500006     0.179000005    -0.033799998     0.007300000     0.418700010   20  170.59   80.37   85.23   87.26  -177.25    -4.78   35.41  125.55  230.60    5.32    1.43   84.49    27.99
    2    8    -5.00  -360.00    18.77186    96.37489    22.330     0.5377    -0.081400000    -0.014700003     0.096100003    -0.021000000     0.052200001     0.531300008   20  177.24   86.86   86.66   83.59  -173.58    -3.36   42.18  311.92  204.62    6.90    2.16   82.77    26.47
    2    9    -5.00  -348.00    18.87942    96.36073    22.330     0.6935    -0.044399999     0.029299999     0.015100000    -0.032600001     0.105200000     0.684199989   20  180.59   90.05   86.55   81.01  -171.00    -3.50   45.62  315.02  201.41    8.80    3.89   80.36     9.22
    2   10    -5.00  -336.00    18.98699    96.34657    22.330     0.9338    -0.007000000    -0.011899999     0.018900000     0.059300002     0.178599998     0.914799988   20  359.22   89.86   86.65   79.12   169.10     3.41   45.01  314.06  162.33    5.29   10.06   78.61     6.18
    2   11    -5.00  -324.00    19.09455    96.33241    22.330     0.9846     0.048300002    -0.079000004     0.030700000    -0.020900000     0.241300002     0.952899992   20  358.25   88.32   89.73   75.76   165.76     0.28   44.18  312.39  177.17    9.82   10.21   75.76   -10.02
    2   12    -5.00  -312.00    19.20211    96.31824    22.330     1.0509    -0.005500000    -0.100099996     0.105599999    -0.143500000     0.236699998     1.009600043   20  177.81   86.28   83.46   76.91  -166.82    -6.71   42.63  311.50  203.75   13.93    4.57   75.32   -10.00
    2   13    -5.00  -300.00    19.30968    96.30408    22.330     1.0168    -0.000100000    -0.173899993     0.173999995    -0.338800013     0.209900007     0.927100003   20  176.55   83.10   73.35   78.64  -168.14   -16.99   39.12  130.45  230.29   19.99    3.63   69.66   -25.77
    2   14    -5.00  -288.00    19.41724    96.28992    22.330     1.1880    -0.053900000    -0.204400003     0.258300006    -0.277500004     0.162400007     1.119400024   20  175.21   83.14   77.41   80.85  -170.63   -12.75   38.83  129.49  228.06   15.46    2.39   74.35    -5.30
    2   15    -5.00  -276.00    19.52480    96.27576    22.330     1.3648    -0.034400001    -0.292299986     0.326700002    -0.095399998     0.159999996     1.315799952   20  173.60   83.17   86.63   82.77  -172.76    -3.40   38.57  308.21  198.45    7.51    2.72   82.01     2.13
    2   16    -5.00  -264.00    19.63236    96.26160    22.330     1.5527     0.134599999    -0.466600001     0.331999987     0.075000003     0.213300005     1.481500030   20  352.11   82.77   85.34   82.02   172.00     4.71   37.62  307.25  142.09    2.33    8.95   80.75   -12.91
    2   17    -5.00  -252.00    19.73993    96.24743    22.330     1.6427     0.230299994    -0.596700013     0.366400003     0.125400007     0.166299999     1.553300023   20  351.03   81.74   83.60   83.69   173.65     6.44  216.38  306.39  125.96    0.07    9.01   80.99   -22.66
    2   18    -5.00  -240.00    19.84749    96.23327    22.330     1.6706     0.313899994    -0.706699967     0.392800003     0.171399996     0.133900002     1.557700038   20  349.91   80.72   81.93   84.35   174.29     8.11  215.17  305.46  115.37    1.70    9.72   80.13   -30.93
    2   19    -5.00  -228.00    19.95505    96.21911    22.330     1.6430     0.262600005    -0.717400014     0.454800010     0.187999994     0.053300001     1.521100044   20  349.36   79.66   82.65   87.65   177.63     7.36  214.30  304.73   97.26    3.53    6.86   82.28   -28.51
    2   20    -5.00  -216.00    20.06262    96.20495    22.330     1.8384     0.217999995    -0.791299999     0.573300004     0.344999999    -0.013600000     1.673599958   20  349.05  258.95   79.57   89.48  -179.47   -10.43  213.52  304.48   76.12    7.73    6.98   79.55   -24.10
    2   21    -5.00  -204.00    20.17018    96.19079    22.330     1.8670     0.098999999    -0.708099961     0.609099984     0.336600006    -0.033000000     1.715299964   20  349.71  259.37   80.16   88.05  -178.02    -9.84  214.13  304.94   68.28    8.33    5.55   79.97   -13.10
    2   22    -5.00  -192.00    20.27774    96.17662    22.330     1.8785     0.057000000    -0.667599976     0.610599995     0.278499991    -0.001100000     1.744699955   20  350.04  259.88   81.67   88.92  -178.91    -8.33  214.66  305.26   72.54    6.65    5.11   81.60    -7.27
    2   23    -5.00  -180.00    20.38531    96.16246    22.330     1.7854    -0.008800000    -0.511100054     0.519900024     0.212300003     0.072400004     1.694599986   20  351.46   81.61   82.92   88.79   178.79     7.09  216.32  306.75   91.22    4.15    5.86   82.81     2.06
    2   24    -5.00  -168.00    20.49287    96.14830    22.330     2.0308    -0.038100000    -0.431600004     0.469700009     0.291700006     0.081600003     1.957100034   20  353.43   83.58   81.57   88.93   178.92     8.43  218.20  308.81   90.75    5.19    6.71   81.50     4.95
    2   25    -5.00  -156.00    20.60043    96.13414    22.330     2.1460    -0.203299999    -0.325999975     0.529299974     0.070299998    -0.024400000     2.101500034   20  354.27  264.23   88.04   88.89  -178.89    -1.96  219.24  309.26   54.66    2.17    0.60   87.75    17.89
    2   26    -5.00  -144.00    20.70799    96.11997    22.330     2.5027    -0.399300009    -0.282600015     0.681900024     0.137500003    -0.085000001     2.448899984   20  354.53  264.33   86.33   86.90  -176.89    -3.68  219.41  309.44   44.22    4.79    0.40   85.19    28.64
    2   27    -5.00  -132.00    20.81556    96.10581    22.330     2.9468    -0.430400014    -0.300499976     0.730899990     0.339500010    -0.089699998     2.875999928   20  355.13  264.64   82.77   86.18  -176.15    -7.24  219.72  310.05   57.00    7.82    2.40   81.82    25.01
    2   28    -5.00  -120.00    20.92312    96.09165    22.330     2.5848    -0.367900014    -0.275299966     0.643199980     0.165299997    -0.185100004     2.528500080   20  355.06  264.66   85.64   84.70  -174.68    -4.38  219.90  129.82   34.28    6.84    0.67   83.13    24.61
    2   29    -5.00  -108.00    21.03068    96.07749    22.330     2.2192    -0.309799999    -0.265000015     0.574800014    -0.011000000    -0.221100003     2.167999983   20  354.57  264.53   89.62   84.25  -174.25    -0.38  219.69  129.41  358.35    4.33    3.79   84.24    26.24
    2   30    -5.00   -96.00    21.13825    96.06332    22.330     2.0623    -0.218700007    -0.343200028     0.561900020    -0.055300001    -0.205799997     2.001699924   20  173.59  263.71   88.71   84.69   174.69     1.29  218.77  128.53  340.01    2.84    4.66   84.54    21.16
    2   31    -5.00   -84.00    21.24581    96.04916    22.330     2.2549     0.023300000    -0.536599994     0.513300002     0.100100003    -0.081500001     2.189199924   20  353.30  263.21   87.76   87.69  -177.68    -2.24  218.26  128.26   37.33    3.22    0.05   86.78    -2.69
    2   32    -5.00   -72.00    21.35337    96.03500    22.330     1.6392     0.149299994    -0.526600003     0.377299994    -0.300900012     0.012400000     1.547500014   20  171.97   81.89   79.65   89.58  -179.57   -10.35   36.46  127.40  259.57    7.60    7.00   79.64   -18.78
    2   33    -5.00   -60.00    21.46094    96.02084    22.330     1.6976     0.311800003    -0.610100031     0.298299998    -0.124300003     0.131300002     1.627699971   20  172.28   82.10   87.66   85.70  -175.69    -2.34   37.25  307.13  200.70    4.70    1.39   85.10   -35.02
    2   34    -5.00   -48.00    21.56850    96.00668    22.330     2.2586     0.495599985    -0.776999950     0.281399995     0.378600001     0.242799997     2.132499933   20  352.15   84.11   77.21   81.43   171.21    12.93  217.75  308.54  117.11    2.93   15.18   74.52   -31.64
    2   35    -5.00   -36.00    21.67606    95.99252    22.330     2.8699     0.280900002    -0.636000037     0.355100006     0.979600012     0.294600010     2.625200033   20  353.63   85.85   69.05   84.22   173.81    21.06  218.00  311.63  100.51   10.46   18.91   68.19    -6.41
    2   36    -5.00   -24.00    21.78363    95.97836    22.330     3.2831     0.079899997    -0.449999988     0.370099992     1.282500029     0.323199987     2.977499962   20  355.18   86.74   66.72   86.39   176.07    23.33  218.65  313.40   95.04   13.59   18.91   66.40     6.59
    2   37    -5.00   -12.00    21.89119    95.96420    22.330     3.5593    -0.133900002    -0.189899996     0.323799998     1.499400020     0.345800012     3.208899975   20  356.90   87.77   65.05   88.13   177.94    24.96  219.59  315.17   91.79   15.97   18.74   64.97    17.06
    2   38    -5.00     0.00    21.99875    95.95004    22.330     3.4531    -0.048000000    -0.163300008     0.211300001     1.596699953     0.416799992     3.041100025   20  356.91   88.58   62.55   86.79   176.38    27.50  219.47  316.21   94.73   16.64   21.45   62.33    18.50
    2   39    -5.00    12.00    22.10632    95.93587    22.330     3.0924    -0.009800000    -0.096799999     0.106600001     1.527699947     0.467799991     2.666500092   20  356.95   89.43   60.72   85.59   174.94    29.37  219.53  317.18   97.21   16.94   23.59   60.33    23.36
    2   40    -5.00    24.00    22.21388    95.92171    22.330     2.4263    -0.015799999     0.268599987    -0.252799988     1.208899975     0.372399986     2.081399918   20    1.13   94.31   61.72   84.11   173.30    28.45  224.42  321.40  105.04   15.22   24.06   61.00    29.69
    2   41    -5.00    36.00    22.32144    95.90755    22.330     2.0308    -0.117700003     0.497800022    -0.380100012     1.161100030     0.368800014     1.628700018   20    4.13   97.30   58.34   84.87   173.97    31.80  226.47  325.45  105.51   17.93   25.75   57.83    46.68
    2   42    -5.00    48.00    22.42900    95.89339    22.330     1.8481    -0.143900007     0.493100017    -0.349200010     1.371700048     0.416299999     1.226600051   20    3.62  273.48   43.30   89.87  -179.81   -46.70  217.97  329.08   93.36   31.08   30.86   43.30    61.40
    2   43    -5.00    60.00    22.53657    95.87922    22.330     1.5603    -0.182799995     0.557600021    -0.374799997     1.235499978     0.394400001     0.927999973   20    6.74  271.43   36.27   86.11  -173.42   -53.91  213.42  332.19   88.60   38.17   31.48   35.99    71.92
    2   44    -5.00    72.00    22.64413    95.86506    22.330     0.7380    -0.054299999     0.485100001    -0.430799991     0.532500029     0.261700004     0.265599996   20   35.77  127.86   87.85   45.78   135.74     2.99   90.84  342.12  213.57   27.82   31.31   45.70    75.97
    2   45    -5.00    84.00    22.75169    95.85090    22.330     0.2929     0.010300000     0.224800006    -0.235100001     0.171399996     0.078699999     0.006600000   20   43.72  138.39   83.58   54.05   143.78     7.94   96.43  354.73  215.04   19.64   29.62   53.30    37.52
    3    1     0.00  -444.00    18.01617    96.45000    18.000     0.2450     0.025200000    -0.244199991     0.218999997     0.019400001     0.062600002     0.040500000   20  318.81   51.15   76.22   80.56   170.28    13.97  184.55  275.44   84.54    3.01   16.52   73.19    -5.58
    3    2     0.00  -432.00    18.12373    96.43583    18.000     0.4063    -0.017100001    -0.339300007     0.356400013    -0.158199996     0.009300000    -0.140499994   20   32.09  125.61   71.08   79.85   -10.74  -160.77  350.06  257.78  152.42   20.72    6.00   68.35   -17.36
    3    3     0.00  -420.00    18.23129    96.42167    18.000     0.4675    -0.030300001    -0.407700002     0.437999994    -0.169000000    -0.021500001    -0.104199998   20   36.20  129.97   75.71   75.52   -14.95  -165.23  353.06   83.10  173.44   20.57    0.13   69.43   -13.89
    3    4     0.00  -408.00    18.33886    96.40751    18.000     0.4973    -0.033399999    -0.442499995     0.475899994     0.018900000    -0.019500000     0.188899994   20  326.21  236.16   89.13   86.83  -176.83    -0.87  191.22  101.14  341.61    2.86    1.62   86.71    12.74
    3    5     0.00  -396.00    18.44642    96.39335    18.000     0.4542    -0.090800002    -0.336399972     0.427199990    -0.060400002    -0.046900000     0.233799994   20  150.75   60.47   79.93   88.41  -178.39   -10.07   15.18  106.04  231.62    8.23    5.97   79.80    36.30
    3    6     0.00  -384.00    18.55398    96.37919    18.000     0.5213    -0.115400001    -0.242699996     0.358099997    -0.001300000    -0.035300002     0.424800009   20  162.38  252.39   89.90   86.38   176.38     0.10  207.44  117.33  340.76    2.49    2.63   86.38    40.11
    3    7     0.00  -372.00    18.66154    96.36502    18.000     0.6837    -0.106399998    -0.160799995     0.267199993     0.066699997     0.008300000     0.645600021   20  350.88  260.71   83.99   88.41  -178.40    -6.01  215.65  305.94   65.96    5.37    3.12   83.79    28.34
    3    8     0.00  -360.00    18.76911    96.35086    18.000     0.8014    -0.080899999    -0.070800006     0.151700005     0.063600004     0.073399998     0.788500011   20  355.83   86.14   85.79   85.77   175.76     4.23   40.99  310.98  131.09    0.01    5.98   84.02    21.51
    3    9     0.00  -348.00    18.87667    96.33670    18.000     0.9603    -0.065099999     0.013499998     0.051600002    -0.029999999     0.144400001     0.948199987   20  179.65   89.26   87.49   81.11  -171.10    -2.54   44.77  314.13  195.26    8.06    4.50   80.75    10.98
    3   10     0.00  -336.00    18.98423    96.32254    18.000     1.2535    -0.014000000    -0.038300000     0.052299999     0.066699997     0.227100000     1.230499983   20  358.71   89.23   87.13   79.72   169.71     2.92   44.39  313.53  163.29    5.21    9.29   79.32     6.03
    3   11     0.00  -324.00    19.09180    96.30837    18.000     1.4587     0.032499999    -0.135100007     0.102600001     0.027300000     0.296700001     1.422799945   20  357.42   87.79   88.19   78.28   168.28     1.85   43.19  312.01  168.78    6.97    9.55   78.14    -2.01
    3   12     0.00  -312.00    19.19936    96.29421    18.000     1.5237     0.004500000    -0.192300007     0.187800005    -0.191300005     0.311800003     1.468299985   20  176.90   85.66   84.17   78.04  -167.98    -5.96   41.77  310.81  202.40   12.62    4.28   76.65    -9.56
    3   13     0.00  -300.00    19.30692    96.28005    18.000     1.4545    -0.035599999    -0.234999985     0.270599991    -0.472600013     0.270999998     1.330800056   20  176.41   83.06   73.18   79.07  -168.58   -17.14   38.96  130.42  231.49   19.79    4.05   69.76   -19.75
    3   14     0.00  -288.00    19.41449    96.26589    18.000     1.6402    -0.092100002    -0.275999993     0.368099988    -0.455199987     0.217999995     1.525599957   20  175.33   82.81   74.82   80.79  -170.45   -15.38   38.40  129.69  232.60   17.36    4.12   72.13    -6.35
    3   15     0.00  -276.00    19.52205    96.25172    18.000     1.9681    -0.004900000    -0.444099993     0.449000001    -0.150399998     0.242500007     1.895499945   20  173.59   83.14   86.56   82.50  -172.49    -3.47   38.56  308.18  198.09    7.74    2.85   81.74    -2.70
    3   16     0.00  -264.00    19.62961    96.23756    18.000     2.2142     0.145899996    -0.636399984     0.490500003     0.088799998     0.270500004     2.120800018   20  352.32   82.78   86.22   83.02   173.01     3.80   37.70  307.40  144.09    2.25    7.61   82.06   -10.02
    3   17     0.00  -252.00    19.73718    96.22340    18.000     2.2462     0.303700000    -0.811100006     0.507399976     0.121200003     0.220500007     2.129100084   20  351.12   81.66   84.96   83.95   173.92     5.07   36.44  306.34  131.60    0.71    7.86   82.11   -22.65
    3   18     0.00  -240.00    19.84474    96.20924    18.000     2.2836     0.380699992    -0.969399989     0.588699996     0.206000000     0.143099993     2.128099918   20  349.72   80.22   83.27   85.77   175.74     6.75  214.86  305.10  112.17    1.76    7.76   82.04   -28.57
    3   19     0.00  -228.00    19.95230    96.19508    18.000     2.3641     0.321799994    -1.029900074     0.708100021     0.307000011     0.039999999     2.176300049   20  349.09   79.24   82.26   88.88   178.87     7.74  213.91  304.43   87.41    4.67    6.26   82.18   -25.22
    3   20     0.00  -216.00    20.05987    96.18092    18.000     2.5230     0.284700006    -1.105200052     0.820500016     0.428299993    -0.033599999     2.294699907   20  348.77  258.61   80.75   89.00  -178.98    -9.25  213.32  304.06   72.48    7.24    5.81   80.70   -23.23
    3   21     0.00  -204.00    20.16743    96.16676    18.000     2.5189     0.138999999    -1.007600069     0.868600011     0.382099986    -0.076200001     2.306900024   20  349.14  258.78   82.03   87.41  -177.38    -7.98  213.71  304.21   60.90    7.47    3.79   81.61   -13.52
    3   22     0.00  -192.00    20.27499    96.15260    18.000     2.5346     0.040600002    -0.874800026     0.834200025     0.310400009    -0.005300000     2.366100073   20  350.15  260.01   83.13   88.87  -178.86    -6.88  214.88  305.28   70.75    5.66    4.06   83.03    -4.19
    3   23     0.00  -180.00    20.38256    96.13844    18.000     2.4570    -0.042300001    -0.673399985     0.715699971     0.229699999     0.076200001     2.344399929   20  351.70   81.79   84.46   89.17   179.17     5.54  216.61  306.88   90.27    3.33    4.50   84.40     4.02
    3   24     0.00  -168.00    20.49012    96.12427    18.000     2.7300    -0.150600001    -0.534500003     0.685100019     0.263900012     0.049199998     2.647500038   20  353.51  263.50   84.37   89.93  -179.93    -5.63  218.36  308.64   82.80    4.03    3.93   84.36    10.84
    3   25     0.00  -156.00    20.59768    96.11011    18.000     3.1807    -0.391499996    -0.417999983     0.809499979     0.191499993    -0.069200002     3.113100052   20  354.49  264.34   86.28   87.75  -177.75    -3.72  219.38  309.45   53.26    4.22    1.04   85.65    22.47
    3   26     0.00  -144.00    20.70524    96.09595    18.000     3.5619    -0.592700005    -0.358799994     0.951499999     0.223600000    -0.148399994     3.487499952   20  354.82  264.54   85.73   86.25  -176.24    -4.28  219.66  309.69   43.41    5.67    0.37   84.31    29.46
    3   27     0.00  -132.00    20.81281    96.08179    18.000     3.8867    -0.685199976    -0.319499969     1.004699945     0.337300003    -0.179000005     3.804699898   20  355.28  264.81   84.12   85.46  -175.43    -5.90  219.99  310.11   47.34    7.38    0.94   82.56    30.35
    3   28     0.00  -120.00    20.92037    96.06762    18.000     3.6630    -0.572700024    -0.369299948     0.941999972     0.215499997    -0.247600004     3.584599972   20  355.01  264.64   85.84   84.90  -174.89    -4.17  219.86  129.79   34.01    6.55    0.67   83.41    27.27
    3   29     0.00  -108.00    21.02793    96.05346    18.000     3.3963    -0.435400009    -0.457000017     0.892400026     0.119199999    -0.276400000     3.312900066   20  354.38  264.14   87.48   84.68  -174.68    -2.53  219.36  129.17   19.67    5.55    1.97   84.11    22.99
    3   30     0.00   -96.00    21.13550    96.03930    18.000     2.9956    -0.263099998    -0.535699964     0.798799992    -0.016000001    -0.257600009     2.909199953   20  173.55  263.56   89.79   85.16   175.16     0.21  218.66  128.45  351.03    3.27    3.57   85.16    17.12
    3   31     0.00   -84.00    21.24306    96.02514    18.000     2.8893    -0.016700000    -0.692100048     0.708800018    -0.055399999    -0.139599994     2.799099922   20  172.94  263.01   88.60   87.40   177.40     1.40  218.00  127.95  324.65    0.85    2.83   87.05     1.60
    3   32     0.00   -72.00    21.35062    96.01097    18.000     2.2843     0.209299996    -0.756199956     0.546899974    -0.479900002    -0.016400000     2.136699915   20  171.58  261.65   77.89   89.65   179.64    12.11   35.97  127.26  263.27    8.28    8.78   77.89   -18.21
    3   33     0.00   -60.00    21.45819    95.99681    18.000     2.3126     0.442099988    -0.841600001     0.399500012    -0.238100007     0.143099993     2.214299917   20  172.30   82.07   85.52   87.02  -177.01    -4.49   37.14  127.24  228.50    5.28    1.05   84.61   -36.69
    3   34     0.00   -48.00    21.56575    95.98265    18.000     3.1149     0.583000004    -0.956900001     0.373899996     0.486900002     0.328700006     2.968899965   20  352.95   84.55   78.50   82.20   172.04    11.61  218.45  309.08  117.99    2.58   13.71   76.04   -27.17
    3   35     0.00   -36.00    21.67331    95.96849    18.000     4.0666     0.320800006    -0.789800048     0.469000012     1.327299953     0.409999996     3.760099888   20  354.32   86.27   70.18   84.61   174.27    19.91  218.73  311.97  100.80    9.98   17.83   69.40    -3.70
    3   36     0.00   -24.00    21.78087    95.95432    18.000     4.6625     0.072300002    -0.577300012     0.504999995     1.719099998     0.465200007     4.277599812   20  355.53   87.00   68.14   86.34   176.06    21.91  219.24  313.40   96.02   12.60   17.96   67.80     7.99
    3   37     0.00   -12.00    21.88844    95.94016    18.000     5.0318    -0.140900001    -0.280700028     0.421600014     2.098700047     0.509599984     4.544799805   20  356.89   87.99   65.35   87.60   177.36    24.67  219.79  315.20   93.20   15.38   18.94   65.22    16.39
    3   38     0.00     0.00    21.99600    95.92600    18.000     4.8326    -0.187299997    -0.108599991     0.295899987     2.193000078     0.549899995     4.288099766   20  357.51   88.71   63.13   87.63   177.34    26.89  219.94  316.42   93.38   16.88   20.42   63.01    20.89
    3   39     0.00    12.00    22.10356    95.91184    18.000     4.2178    -0.126300007     0.043400005     0.082900003     2.028000116     0.584699988     3.683300018   20  358.15   90.07   61.73   86.43   175.95    28.33  220.66  317.81   96.66   16.91   22.27   61.46    25.31
    3   40     0.00    24.00    22.21113    95.89768    18.000     3.2213    -0.089400001     0.456999987    -0.367599994     1.544600010     0.508300006     2.792700052   20    1.88   94.86   63.25   84.11   173.40    26.90  225.44  321.62  106.30   14.22   23.00   62.51    32.45
    3   41     0.00    36.00    22.31869    95.88351    18.000     2.7485    -0.211899996     0.736400008    -0.524500012     1.563400030     0.498699993     2.206000090   20    4.66   97.51   58.61   85.33   174.53    31.51  226.88  325.73  105.07   18.11   25.20   58.18    48.75
    3   42     0.00    48.00    22.42625    95.86935    18.000     2.6974    -0.229300007     0.740500033    -0.511200011     1.897500038     0.584100008     1.891499996   20    3.97   94.92   47.35   88.97   178.60    42.66  220.92  328.24   96.03   27.80   29.46   47.33    59.81
    3   43     0.00    60.00    22.53382    95.85519    18.000     2.2591    -0.238600001     0.764299989    -0.525699973     1.750599980     0.550499976     1.398200035   20    5.81  272.92   39.30   87.63  -176.26   -50.76  216.10  331.39   90.99   35.20   31.20   39.20    69.53
    3   44     0.00    72.00    22.64138    95.84103    18.000     1.1218    -0.056600001     0.602699995    -0.546100020     0.896600008     0.405999988     0.550999999   20   25.85  123.00   80.78   52.49   141.92    11.65   79.91  337.39  194.29   18.49   32.94   50.98    92.98
    3   45     0.00    84.00    22.74894    95.82687    18.000     0.5434     0.061000001     0.265599996    -0.326599985     0.402700007     0.214300007     0.200800002   20   29.64  128.75   80.33   47.09   136.32    13.25   86.36  339.39  199.67   21.26   36.88   45.48    72.60
    4    1     5.00  -444.00    18.01342    96.42596    13.670     0.3099     0.033300001    -0.325400025     0.292100012    -0.018500000     0.014800000    -0.011900000   20  313.87   43.89   89.69   85.58   175.58     0.31  358.97  268.80  129.82    2.90    3.34   85.57   -20.42
    4    2     5.00  -432.00    18.12098    96.41180    13.670     0.5122    -0.012400000    -0.467799991     0.480199993    -0.153099999    -0.018800000    -0.120899998   20   36.62  129.07   78.29   78.36   -11.89  -168.04  352.85  262.84  172.67   16.62    0.05   73.38   -12.72
    4    3     5.00  -420.00    18.22854    96.39764    13.670     0.5806    -0.018500000    -0.544700027     0.563199997    -0.158899993    -0.039900001    -0.059700001   20   40.91  132.99   81.28   76.70   -13.46  -171.04  356.49   87.38  188.56   15.66    3.18   74.00    -8.38
    4    4     5.00  -408.00    18.33611    96.38348    13.670     0.5834    -0.055000000    -0.532800019     0.587800026    -0.039299998    -0.072999999     0.142100006   20  141.95  232.22   82.87   87.81   177.79     7.14    6.88   97.29  249.21    3.48    6.59   82.54    20.22
    4    5     5.00  -396.00    18.44367    96.36932    13.670     0.5784    -0.061600000    -0.447299987     0.508899987    -0.039900001    -0.039200000     0.321000010   20  151.89  241.95   84.79   89.28   179.28     5.21   16.80  107.04  249.77    3.17    4.19   84.75    20.88
    4    6     5.00  -384.00    18.55123    96.35516    13.670     0.7032    -0.088299997    -0.337600023     0.425900012     0.090400003    -0.014000000     0.582199991   20  343.65  253.05   82.48   85.50  -175.46    -7.55  208.19  298.51   42.43    8.51    2.13   81.22    20.65
    4    7     5.00  -372.00    18.65879    96.34100    13.670     0.9001    -0.107699998    -0.221700013     0.329400003     0.175600007     0.018700000     0.837599993   20  351.07  260.53   78.26   87.42  -177.37   -11.75  215.22  306.37   68.35   10.12    6.44   77.97    20.57
    4    8     5.00  -360.00    18.76636    96.32684    13.670     1.0363    -0.071199998    -0.127399996     0.198599994     0.158800006     0.079800002     1.008900046   20  355.17   85.58   81.17   87.37   177.34     8.83  220.06  310.68  102.03    4.36    8.10   80.78    16.51
    4    9     5.00  -348.00    18.87392    96.31267    13.670     1.1978    -0.056499999    -0.027700003     0.084200002     0.030800000     0.177200004     1.183200002   20  358.60   88.75   88.98   81.61   171.61     1.03   43.97  313.37  171.71    5.20    6.65   81.55    10.54
    4   10     5.00  -336.00    18.98148    96.29851    13.670     1.5026     0.005800000    -0.076099999     0.070299998     0.051700000     0.279300004     1.473700047   20  358.38   88.79   87.86   79.36   169.35     2.18   44.06  313.11  167.13    5.98    9.03   79.14     2.09
    4   11     5.00  -324.00    19.08905    96.28435    13.670     1.8078     0.022700001    -0.181799993     0.159099996     0.014200000     0.330199987     1.769099951   20  357.14   87.34   88.92   79.50   169.49     1.10   42.72  311.76  171.33    6.64    8.18   79.44    -1.19
    4   12     5.00  -312.00    19.19661    96.27019    13.670     1.9864     0.030999999    -0.301399976     0.270399988    -0.187999994     0.377000004     1.921399951   20  176.13   85.34   85.98   78.90  -168.87    -4.09   41.21  310.27  195.73   10.70    4.97   78.17    -8.89
    4   13     5.00  -300.00    19.30417    96.25602    13.670     1.9319     0.011000000    -0.364700019     0.353700012    -0.517099977     0.360300004     1.799100041   20  175.68   83.11   76.81   79.20  -168.90   -13.43   39.13  129.64  224.98   17.09    1.65   72.83   -19.94
    4   14     5.00  -288.00    19.41174    96.24186    13.670     2.1205    -0.053599998    -0.406899989     0.460500002    -0.522000015     0.303299993     1.987699986   20  174.94   82.81   77.10   80.80  -170.56   -13.07   38.50  129.22  228.26   15.72    2.57   74.06   -10.14
    4   15     5.00  -276.00    19.51930    96.22770    13.670     2.3833     0.023000000    -0.551999986     0.528999984    -0.241200000     0.313300014     2.288199902   20  173.67   83.02   85.41   81.99  -171.97    -4.63   38.54  308.16  203.22    8.92    2.40   80.76    -6.54
    4   16     5.00  -264.00    19.62686    96.21354    13.670     2.6418     0.184799999    -0.763700008     0.578899980     0.003100000     0.329499990     2.532900095   20  352.45   82.67   88.29   82.73   172.73     1.72   37.77  307.34  159.28    3.92    6.35   82.53   -12.41
    4   17     5.00  -252.00    19.73442    96.19937    13.670     2.7195     0.344799995    -0.976899981     0.632099986     0.104699999     0.257900000     2.579799891   20  351.12   81.53   85.97   84.23   174.22     4.05   36.40  306.25  136.35    1.22    6.94   82.95   -21.80
    4   18     5.00  -240.00    19.84199    96.18521    13.670     2.7713     0.442000002    -1.197999954     0.755999982     0.217099994     0.150800005     2.576600075   20  349.45   79.82   84.19   86.41   176.39     5.82  214.55  304.73  111.40    1.56    6.66   83.16   -27.90
    4   19     5.00  -228.00    19.94955    96.17105    13.670     2.9126     0.380499989    -1.302899957     0.922399998     0.355500013     0.030999999     2.667999983   20  348.69   78.76   82.88   89.38   179.37     7.12  213.50  303.94   83.75    4.58    5.47   82.85   -24.59
    4   20     5.00  -216.00    20.05711    96.15689    13.670     2.9982     0.345800012    -1.355900049     1.010100007     0.431300014    -0.056899998     2.723299980   20  348.40  258.22   82.37   88.65  -178.64    -7.63  213.06  303.55   68.26    6.34    4.43   82.25   -23.53
    4   21     5.00  -204.00    20.16468    96.14272    13.670     2.9814     0.181600004    -1.233999968     1.052399993     0.362399995    -0.092600003     2.729799986   20  348.79  258.52   83.76   87.52  -177.51    -6.24  213.51  303.80   56.94    6.17    2.65   83.28   -13.86
    4   22     5.00  -192.00    20.27224    96.12856    13.670     2.9771     0.032000002    -1.011500001     0.979499996     0.255299985    -0.010000000     2.794199944   20  350.24  260.16   85.20   89.06  -179.06    -4.80  215.10  305.29   69.15    4.05    2.73   85.11    -2.71
    4   23     5.00  -180.00    20.37980    96.11440    13.670     2.9442    -0.089100003    -0.773199975     0.862299979     0.178599998     0.058699999     2.822200060   20  351.90   81.93   86.42   89.52   179.52     3.58  216.86  306.97   89.48    2.20    2.87   86.39     6.20
    4   24     5.00  -168.00    20.48737    96.10024    13.670     3.1933    -0.307900012    -0.563799977     0.871699989     0.134100005    -0.015600000     3.108400106   20  353.52  263.48   87.51   89.09  -179.09    -2.49  218.47  308.52   63.45    2.40    1.12   87.35    18.20
    4   25     5.00  -156.00    20.59493    96.08608    13.670     4.0471    -0.551999986    -0.490400016     1.042400002     0.312799990    -0.103699997     3.957499981   20  354.63  264.39   85.16   87.16  -177.15    -4.84  219.44  309.57   54.04    5.43    1.41   84.39    24.39
    4   26     5.00  -144.00    20.70249    96.07191    13.670     4.5468    -0.760399997    -0.416500032     1.176900029     0.390199989    -0.187999994     4.449299812   20  355.12  264.70   84.30   85.84  -175.81    -5.71  219.84  309.97   48.71    6.98    1.08   82.94    29.01
    4   27     5.00  -132.00    20.81005    96.05775    13.670     4.6388    -0.866400003    -0.357300043     1.223700047     0.315699995    -0.253100008     4.546299934   20  355.27  264.86   85.09   85.22  -175.20    -4.93  220.06  310.07   40.84    6.86    0.09   83.14    32.40
    4   28     5.00  -120.00    20.91762    96.04359    13.670     4.4281    -0.790799975    -0.391700029     1.182500005     0.166299999    -0.293399990     4.340700150   20  355.00  264.75   86.95   85.22  -175.22    -3.06  219.94  129.82   27.48    5.54    1.22   84.33    31.72
    4   29     5.00  -108.00    21.02518    96.02943    13.670     4.4628    -0.534300029    -0.633599937     1.167899966     0.287999988    -0.276499987     4.348899841   20  354.32  263.99   85.90   85.39  -175.38    -4.12  219.17  129.13   35.83    6.17    0.36   83.82    20.88
    4   30     5.00   -96.00    21.13274    96.01527    13.670     3.9241    -0.255499989    -0.759700060     1.015200019     0.095799997    -0.254000008     3.812299967   20  353.50  263.41   88.66   86.03  -176.02    -1.35  218.51  128.39   12.15    3.76    1.86   85.80    12.09
    4   31     5.00   -84.00    21.24031    96.00111    13.670     3.4672    -0.030500000    -0.835799992     0.866299987    -0.178299993    -0.146799996     3.353300095   20  172.82  262.93   86.81   88.01   178.01     3.19   37.85  127.91  294.80    0.85    3.66   86.24     2.53
    4   32     5.00   -72.00    21.34787    95.98695    13.670     2.8424     0.207300007    -0.907800019     0.700500011    -0.605599999    -0.027799999     2.658699989   20  171.64  261.68   77.73   89.84   179.83    12.27   36.00  127.32  262.44    8.53    8.76   77.73   -14.81
    4   33     5.00   -60.00    21.45543    95.97279    13.670     2.8677     0.512700021    -1.013100028     0.500400007    -0.286799997     0.176699996     2.749799967   20  172.44   82.20   85.64   86.95  -176.94    -4.37   37.28  127.36  227.32    5.24    0.92   84.67   -34.59
    4   34     5.00   -48.00    21.56300    95.95862    13.670     3.8028     0.652599990    -1.082299948     0.429699987     0.563300014     0.398699999     3.645100117   20  353.48   84.91   79.25   82.52   172.38    10.85  218.94  309.46  119.12    2.28   12.95   76.85   -25.01
    4   35     5.00   -36.00    21.67056    95.94446    13.670     5.0766     0.320800006    -0.848600030     0.527800024     1.600299954     0.509800017     4.732900143   20  354.99   86.77   71.03   84.84   174.54    19.05  219.44  312.40  101.38    9.57   17.07   70.29    -1.13
    4   36     5.00   -24.00    21.77812    95.93030    13.670     5.8037     0.044399999    -0.600600004     0.556200027     2.083699942     0.599900007     5.358200073   20  356.03   87.51   68.83   86.18   175.91    21.22  219.88  313.76   97.24   12.02   17.61   68.45     9.89
    4   37     5.00   -12.00    21.88568    95.91614    13.670     6.1505    -0.231099993    -0.265500009     0.496600002     2.512399912     0.614099979     5.585299969   20  357.19   88.18   65.93   87.79   177.57    24.09  220.15  315.32   93.12   15.14   18.41   65.81    17.65
    4   38     5.00     0.00    21.99325    95.90197    13.670     5.9503    -0.375200003     0.012500018     0.362699986     2.604700089     0.655600011     5.336400032   20  358.06   88.92   64.17   88.23   178.03    25.84  220.54  316.53   92.57   16.63   19.26   64.10    23.71
    4   39     5.00    12.00    22.10081    95.88781    13.670     5.1252    -0.342999995     0.270300001     0.072700001     2.367500067     0.629000008     4.539999962   20  359.30   90.46   62.94   87.73   177.45    27.08  221.65  318.24   94.89   17.08   20.47   62.83    27.89
    4   40     5.00    24.00    22.20837    95.87365    13.670     3.8737    -0.243399993     0.668299973    -0.424899995     1.805199981     0.575399995     3.389400005   20    2.57   94.88   64.09   85.25   174.72    26.01  225.91  321.78  104.51   14.50   21.56   63.59    35.07
    4   41     5.00    36.00    22.31594    95.85949    13.670     3.2626    -0.341699988     0.972200036    -0.630500019     1.816400051     0.594600022     2.637500048   20    5.33   97.80   59.53   85.81   175.14    30.56  227.57  325.91  104.86   17.87   24.22   59.19    51.41
    4   42     5.00    48.00    22.42350    95.84533    13.670     3.3694    -0.296200007     0.937399983    -0.641200006     2.293499947     0.700699985     2.428999901   20    4.23   95.62   49.50   88.38   177.87    40.52  222.37  327.85   97.51   26.06   28.64   49.45    58.18
    4   43     5.00    60.00    22.53106    95.83116    13.670     2.8599    -0.272199988     0.905900002    -0.633700013     2.129899979     0.661800027     1.874099970   20    5.07  274.51   43.37   89.47  -179.23   -46.63  219.17  330.21   94.01   31.36   30.50   43.37    65.93
    4   44     5.00    72.00    22.63863    95.81700    13.670     1.6576    -0.069899999     0.688099980    -0.618200004     1.308200002     0.534799993     0.971499979   20    7.02  102.03   47.86   84.49   172.56    42.38  226.89  333.58  108.04   23.98   32.84   47.33    86.30
    4   45     5.00    84.00    22.74619    95.80284    13.670     0.7991     0.117100000     0.283300012    -0.400400013     0.630400002     0.329400003     0.384400010   20   18.67  121.52   72.46   54.88   142.89    21.62   73.59  334.62  176.95   11.16   38.31   49.50    85.65
    5    1    10.00  -444.00    18.01066    96.40194     9.340     0.3516     0.038800001    -0.369599998     0.330799997     0.032000002     0.002900000    -0.010900000   20  314.20  224.03   86.51   87.19  -177.18    -3.49  179.09  269.13    5.18    4.46    0.47   85.52   -22.18
    5    2    10.00  -432.00    18.11823    96.38777     9.340     0.5703    -0.014600000    -0.546700001     0.561299980    -0.119800001    -0.024200000    -0.057399999   20   41.41  132.68   82.73   80.13    -9.95  -172.62  356.85   87.24  185.61   12.16    1.82   77.70    -3.78
    5    3    10.00  -420.00    18.22579    96.37361     9.340     0.6566    -0.023499999    -0.612800002     0.636300027    -0.184400007    -0.055500001    -0.064199999   20   41.02  133.18   81.60   75.66   -14.50  -171.33  356.48   87.68  191.56   16.16    4.12   73.29    -8.17
    5    4    10.00  -408.00    18.33335    96.35945     9.340     0.6443    -0.045200001    -0.596300006     0.641499996    -0.103699997    -0.077100001     0.122699998   20  140.73   50.38   78.28   88.30  -178.27   -11.73    4.96   96.14  222.26    9.47    7.05   78.15    12.04
    5    5    10.00  -396.00    18.44092    96.34529     9.340     0.6891    -0.000800000    -0.540300012     0.541100025    -0.010900000    -0.001400000     0.427100003   20  154.15   64.15   89.13   89.71  -179.71    -0.87   19.15  109.16  225.55    0.82    0.41   89.09     0.20
    5    6    10.00  -384.00    18.54848    96.33112     9.340     0.8422    -0.042500000    -0.402999997     0.445499986     0.146599993     0.037099998     0.711499989   20  344.65  254.47   79.59   89.03  -179.02   -10.41  209.09  300.03   69.23    8.03    6.65   79.54     9.12
    5    7    10.00  -372.00    18.65604    96.31696     9.340     1.0794    -0.081900001    -0.265700012     0.347600013     0.277099997     0.061700001     0.995299995   20  351.42  261.22   74.70   89.28  -179.25   -15.30  215.28  307.35   78.57   11.28   10.23   74.68    14.88
    5    8    10.00  -360.00    18.76361    96.30280     9.340     1.2047    -0.083899997    -0.136500001     0.220400006     0.242699996     0.097999997     1.164000034   20  355.33   85.80   78.34   87.71   177.66    11.67  219.99  311.14   96.76    6.58    9.86   78.11    17.52
    5    9    10.00  -348.00    18.87117    96.28864     9.340     1.3740    -0.011400000    -0.078800000     0.090200000     0.097300000     0.212599993     1.351799965   20  357.92   88.53   85.96   81.37   171.35     4.08   43.48  312.97  153.09    3.23    8.97   80.46     6.04
    5   10    10.00  -336.00    18.97873    96.27448     9.340     1.7025     0.007200000    -0.086900003     0.079700001     0.070600003     0.328599989     1.667000055   20  358.33   88.83   87.47   78.96   168.95     2.58   44.08  313.07  165.61    5.98    9.59   78.67     2.67
    5   11    10.00  -324.00    19.08629    96.26031     9.340     2.1043     0.055900000    -0.242300004     0.186399996     0.041900001     0.377799988     2.058199883   20  356.84   87.20   88.03   79.68   169.67     2.00   42.46  311.56  166.18    5.88    8.68   79.49    -2.98
    5   12    10.00  -312.00    19.19386    96.24615     9.340     2.3112     0.043900002    -0.375500023     0.331600010    -0.198699996     0.415699989     2.238500118   20  175.81   85.15   86.46   79.47  -169.45    -3.60   40.92  310.06  194.16    9.96    4.91   78.88    -8.62
    5   13    10.00  -300.00    19.30142    96.23199     9.340     2.3919     0.025900001    -0.472400010     0.446500003    -0.465799987     0.423000008     2.266900063   20  175.13   83.39   80.72   79.50  -169.35    -9.44   39.37  309.16  215.75   14.06    0.85   75.91   -14.72
    5   14    10.00  -288.00    19.40898    96.21783     9.340     2.4692    -0.030600000    -0.509499967     0.540099978    -0.575800002     0.350800008     2.319900036   20  174.61   82.69   78.00   81.01  -170.81   -12.15   38.36  128.92  226.73   14.92    2.10   74.92   -11.37
    5   15    10.00  -276.00    19.51655    96.20367     9.340     2.5882     0.058899999    -0.636799991     0.577899992    -0.446300000     0.343600005     2.456199884   20  173.65   82.46   81.72   81.88  -171.79    -8.36   38.05  128.07  218.60   11.64    0.11   78.36   -13.07
    5   16    10.00  -264.00    19.62411    96.18951     9.340     2.8721     0.221799999    -0.852699995     0.630900025    -0.133100003     0.353700012     2.749799967   20  172.48   82.37   89.18   82.74  -172.74    -0.83   37.65  307.20  178.89    5.71    4.55   82.69   -15.91
    5   17    10.00  -252.00    19.73167    96.17535     9.340     3.0560     0.372799993    -1.101099968     0.728299975     0.075800002     0.281800002     2.898799896   20  351.07   81.38   86.82   84.43   174.42     3.20   36.32  306.14  141.46    1.68    6.19   83.58   -21.45
    5   18    10.00  -240.00    19.83924    96.16119     9.340     3.1723     0.517099977    -1.405799985     0.888700008     0.234599993     0.166700006     2.940000057   20  349.19   79.53   84.45   86.51   176.50     5.56  214.28  304.44  111.51    1.46    6.39   83.44   -28.64
    5   19    10.00  -228.00    19.94680    96.14702     9.340     3.3269     0.433499992    -1.514499903     1.080999970     0.377999991     0.042100001     3.039599895   20  348.44   78.52   83.32   89.29   179.28     6.68  213.29  303.67   84.57    4.21    5.22   83.28   -24.43
    5   20    10.00  -216.00    20.05436    96.13286     9.340     3.3201     0.372599989    -1.534399986     1.161800027     0.384700000    -0.079599999     3.011100054   20  348.05  257.88   84.08   88.31  -178.31    -5.92  212.82  303.11   62.05    5.38    2.99   83.84   -22.71
    5   21    10.00  -204.00    20.16192    96.11870     9.340     3.3276     0.244800001    -1.408399940     1.163599968     0.337099999    -0.078000002     3.051000118   20  348.67  258.50   84.79   88.15  -178.14    -5.22  213.48  303.69   58.98    5.00    2.37   84.47   -15.49
    5   22    10.00  -192.00    20.26949    96.10454     9.340     3.3183     0.077900000    -1.139800072     1.061900020     0.204500005     0.007000000     3.123699903   20  350.31  260.28   86.51   89.65  -179.65    -3.49  215.24  305.35   74.56    2.72    2.22   86.49    -4.81
    5   23    10.00  -180.00    20.37705    96.09037     9.340     3.2715    -0.092000000    -0.876100004     0.968100011     0.086900003     0.034000002     3.137500048   20  351.81   81.81   88.42   89.69   179.69     1.58  216.80  306.82   92.77    0.90    1.33   88.39     5.61
    5   24    10.00  -168.00    20.48462    96.07621     9.340     3.6171    -0.368699998    -0.630300045     0.999000013     0.064099997    -0.035000000     3.523299932   20  353.50  263.48   88.93   89.17  -179.17    -1.07  218.49  308.49   45.77    1.34    0.17   88.64    19.32
    5   25    10.00  -156.00    20.59218    96.06205     9.340     4.5614    -0.634599984    -0.547200024     1.181800008     0.296099991    -0.124300003     4.464600086   20  354.61  264.41   85.89   87.25  -177.25    -4.12  219.47  309.55   50.77    4.85    0.97   85.05    25.07
    5   26    10.00  -144.00    20.69974    96.04789     9.340     5.1550    -0.881099999    -0.452500045     1.333600044     0.401800007    -0.238700002     5.048600197   20  355.18  264.77   84.71   85.66  -175.64    -5.30  219.93  310.01   45.61    6.81    0.67   83.15    29.70
    5   27    10.00  -132.00    20.80730    96.03373     9.340     5.2647    -1.017799973    -0.393700004     1.411499977     0.310200006    -0.307799995     5.161099911   20  355.24  264.85   85.55   85.12  -175.10    -4.46  220.06  130.03   37.38    6.60    0.31   83.39    33.66
    5   28    10.00  -120.00    20.91487    96.01956     9.340     4.9764    -0.952000022    -0.414199948     1.366199970     0.114000000    -0.334300011     4.880400181   20  354.94  264.76   87.74   85.40  -175.40    -2.27  219.92  129.78   21.07    4.85    1.65   84.88    34.24
    5   29    10.00  -108.00    21.02243    96.00540     9.340     5.2605    -0.606500030    -0.755399942     1.361899972     0.409999996    -0.255600005     5.125800133   20  354.33  263.99   85.18   85.99  -175.97    -4.83  219.13  309.19   44.37    6.25    0.57   83.72    20.03
    5   30    10.00   -96.00    21.12999    95.99124     9.340     4.8679    -0.273999989    -0.957400024     1.231400013     0.304600000    -0.217199996     4.727200031   20  353.58  263.38   86.47   86.78  -176.77    -3.53  218.47  308.49   41.04    4.78    0.21   85.22     9.74
    5   31    10.00   -84.00    21.23756    95.97708     9.340     4.0570    -0.027300000    -0.972299993     0.999599993    -0.186700001    -0.131699994     3.928800106   20  172.92  262.99   87.17   88.51   178.51     2.83   37.93  127.98  290.70    0.95    3.05   86.81     1.86
    5   32    10.00   -72.00    21.34512    95.96291     9.340     3.3460     0.206200004    -1.007099986     0.800899982    -0.660600007     0.007600000     3.154500008   20  172.12   82.00   78.80   89.42  -179.41   -11.20   36.51  127.61  259.10    8.30    7.48   78.79   -13.43
    5   33    10.00   -60.00    21.45268    95.94875     9.340     3.3571     0.504199982    -1.109400034     0.605199993    -0.308299989     0.213599995     3.228100061   20  172.68   82.45   86.04   86.63  -176.63    -3.96   37.55  127.59  222.17    5.18    0.42   84.80   -29.68
    5   34    10.00   -48.00    21.56025    95.93459     9.340     4.3519     0.653699994    -1.121500015     0.467799991     0.631799996     0.461299986     4.190199852   20  354.01   85.33   79.74   82.78   172.66    10.34  219.44  309.91  119.88    2.12   12.41   77.41   -21.48
    5   35    10.00   -36.00    21.66781    95.92043     9.340     5.8028     0.356200010    -0.896600008     0.540400028     1.744199991     0.570800006     5.449200153   20  355.41   87.10   71.96   84.82   174.55    18.12  219.97  312.62  102.54    8.92   16.43   71.18    -1.28
    5   36    10.00   -24.00    21.77537    95.90627     9.340     6.6819     0.059000000    -0.616800010     0.557799995     2.319299936     0.698300004     6.206399918   20  356.40   87.93   69.60   85.90   175.62    20.46  220.43  313.99   98.79   11.30   17.28   69.15     9.89
    5   37    10.00   -12.00    21.88293    95.89211     9.340     6.9677    -0.303999990    -0.237100035     0.541100025     2.730400085     0.695200026     6.382199764   20  357.43   88.39   67.01   87.73   177.53    23.01  220.61  315.30   93.72   14.37   17.71   66.89    18.50
    5   38    10.00     0.00    21.99050    95.87794     9.340     6.7388    -0.536499977     0.131199986     0.405299991     2.802200079     0.691699982     6.119599819   20  358.52   89.12   65.55   88.67   178.54    24.45  221.17  316.53   92.04   16.04   18.00   65.51    24.95
    5   39    10.00    12.00    22.09806    95.86378     9.340     5.8157    -0.523100019     0.457100034     0.066000000     2.565399885     0.670099974     5.216100216   20  359.94   90.75   64.25   88.32   178.14    25.76  222.41  318.37   94.23   16.64   19.14   64.19    29.84
    5   40    10.00    24.00    22.20562    95.84962     9.340     4.4292    -0.409200013     0.842200041    -0.432999998     2.031699896     0.626999974     3.897700071   20    2.86   94.61   64.37   86.36   175.96    25.68  225.92  321.73  102.13   15.13   20.53   64.08    37.44
    5   41    10.00    36.00    22.31319    95.83546     9.340     3.6730    -0.450899988     1.147099972    -0.696200013     2.008199930     0.658699989     2.990600109   20    5.63   97.77   60.09   86.29   175.72    29.98  227.83  325.88  104.18   17.87   23.48   59.81    52.45
    5   42    10.00    48.00    22.42075    95.82130     9.340     3.9575    -0.370099992     1.094799995    -0.724699974     2.638400078     0.792999983     2.902100086   20    4.30   95.63   50.48   88.39   177.91    39.54  222.79  327.47   97.58   25.47   28.02   50.44    56.69
    5   43    10.00    60.00    22.52831    95.80714     9.340     3.4429    -0.287499994     0.988000035    -0.700500011     2.474499941     0.750299990     2.357199907   20    4.34   95.03   46.09   89.29   179.02    43.92  220.56  329.02   95.76   28.79   29.94   46.08    61.28
    5   44    10.00    72.00    22.63588    95.79298     9.340     2.1849    -0.056800000     0.737100005    -0.680299997     1.628999949     0.643499970     1.405400038   20    5.06  100.23   49.41   84.00   172.09    40.86  225.66  330.99  107.12   22.72   32.28   48.78    75.45
    5   45    10.00    84.00    22.74344    95.77881     9.340     0.9526     0.098600000     0.353899986    -0.452499986     0.750199974     0.393999994     0.483200014   20   17.65  119.72   72.36   56.66   144.78    21.26   71.72  334.03  174.41   10.04   37.07   51.13    87.58
    6    1    15.00  -444.00    18.00791    96.37791     5.010     0.3577     0.006800000    -0.358599991     0.351799995     0.042500000     0.006900000     0.003000000   20  315.43  225.06   84.54   86.22  -176.20    -5.47  180.18  270.31   10.52    6.54    1.18   83.35    -6.34
    6    2    15.00  -432.00    18.11547    96.36375     5.010     0.6054    -0.022700001    -0.587899983     0.610599995    -0.078900002    -0.029899999    -0.004500000   20  135.01   44.54   82.56   86.39  -176.36    -7.45  359.59   89.96  198.83    7.82    2.69   81.72     4.33
    6    3    15.00  -420.00    18.22304    96.34959     5.010     0.7052    -0.042100001    -0.642199993     0.684300005    -0.208000004    -0.074199997    -0.087099999   20   40.03  132.56   81.20   74.09   -16.10  -170.85  355.48   87.04  192.10   17.58    4.91   71.71    -5.59
    6    4    15.00  -408.00    18.33060    96.33542     5.010     0.6943    -0.031399999    -0.648899972     0.680299997    -0.129899994    -0.089299999     0.123000003   20  140.43   49.98   76.82   88.08  -178.03   -13.18    4.45   95.95  221.84   10.65    7.90   76.68     6.40
    6    5    15.00  -396.00    18.43817    96.32126     5.010     0.7609     0.062399998    -0.618299961     0.555899978     0.005600000     0.019700000     0.483500004   20  334.72   64.75   88.83   88.69   178.69     1.17   19.74  289.73  112.76    0.09    1.75   88.24   -15.60
    6    6    15.00  -384.00    18.54573    96.30710     5.010     0.9256    -0.018900000    -0.437199980     0.456099987     0.161300004     0.062600002     0.792200029   20  345.20   75.35   79.33   89.19   179.17    10.67  209.78  300.77   79.66    6.94    8.11   79.30     5.34
    6    7    15.00  -372.00    18.65329    96.29294     5.010     1.1956    -0.051399998    -0.298700005     0.350100011     0.331600010     0.089699998     1.098899961   20  351.57   81.78   73.48   89.32   179.29    16.52  215.47  307.88   84.07   11.11   12.09   73.46    11.02
    6    8    15.00  -360.00    18.76085    96.27877     5.010     1.3424    -0.057300001    -0.165299997     0.222599998     0.322499990     0.123800002     1.284500003   20  355.25   85.98   76.01   87.10   177.01    14.01  219.80  311.45   97.45    7.77   11.93   75.70    14.26
    6    9    15.00  -348.00    18.86842    96.26461     5.010     1.5019     0.021800000    -0.110599995     0.088799998     0.171700001     0.240199998     1.469400048   20  357.54   88.59   83.27   81.13   171.07     6.82   43.21  312.92  140.80    1.49   11.07   78.83     4.53
    6   10    15.00  -336.00    18.97598    96.25045     5.010     1.8300    -0.011700000    -0.079900004     0.091600001     0.079400003     0.346799999     1.793400049   20  358.41   88.88   87.55   79.21   169.20     2.50   44.13  313.16  165.77    5.86    9.36   78.92     4.69
    6   11    15.00  -324.00    19.08354    96.23629     5.010     2.2154     0.050600000    -0.254299998     0.203700006    -0.021100000     0.386000007     2.169300079   20  356.94   87.00   89.68   79.94   169.94     0.32   42.42  311.53  175.16    6.87    7.32   79.93    -4.34
    6   12    15.00  -312.00    19.19111    96.22213     5.010     2.4896     0.046000000    -0.412499994     0.366499990    -0.219600007     0.441199988     2.410599947   20  175.72   85.05   86.33   79.61  -169.59    -3.74   40.80  309.97  194.95    9.95    4.72   78.97    -8.61
    6   13    15.00  -300.00    19.29867    96.20796     5.010     2.6192     0.026000001    -0.530600011     0.504599988    -0.489399999     0.442600012     2.486299992   20  174.91   83.31   81.06   79.88  -169.76    -9.08   39.21  309.01  215.61   13.54    0.82   76.44   -13.58
    6   14    15.00  -288.00    19.40623    96.19380     5.010     2.7685     0.016700000    -0.623200059     0.606500030    -0.543299973     0.410800010     2.616499901   20  174.17   82.61   80.37   80.86  -170.73    -9.75   38.35  128.43  219.88   13.33    0.34   76.67   -12.45
    6   15    15.00  -276.00    19.51380    96.17964     5.010     2.7707     0.120700002    -0.730199993     0.609499991    -0.555599988     0.389299989     2.610100031   20  173.51   82.12   80.56   81.67  -171.56    -9.54   37.73  127.90  221.37   12.62    0.78   77.36   -18.71
    6   16    15.00  -264.00    19.62136    96.16548     5.010     3.0243     0.221200004    -0.902000010     0.680800021    -0.224900007     0.354299992     2.891000032   20  172.47   82.17   87.52   83.07  -173.06    -2.50   37.51  307.14  192.04    6.66    3.14   82.63   -16.44
    6   17    15.00  -252.00    19.72892    96.15131     5.010     3.2561     0.372599989    -1.175599933     0.802999973     0.045299999     0.278400004     3.087599993   20  351.00   81.21   87.61   84.88   174.88     2.40   36.19  306.01  146.02    1.92    5.32   84.35   -20.59
    6   18    15.00  -240.00    19.83648    96.13715     5.010     3.4511     0.537500024    -1.532299995     0.994799972     0.251100004     0.163299993     3.194299936   20  349.08   79.37   84.69   86.92   176.90     5.31  214.15  304.31  109.42    1.57    5.94   83.86   -27.62
    6   19    15.00  -228.00    19.94405    96.12299     5.010     3.6045     0.474500000    -1.665299892     1.190799952     0.392899990     0.035000000     3.286099911   20  348.26   78.32   83.65   89.47   179.47     6.35  213.12  303.47   83.08    4.11    4.86   83.63   -24.77
    6   20    15.00  -216.00    20.05161    96.10883     5.010     3.5585     0.402099997    -1.670599937     1.268499970     0.359600008    -0.085699998     3.222100019   20  347.83  257.68   84.92   88.32  -178.31    -5.08  212.66  302.86   59.40    4.78    2.40   84.65   -22.60
    6   21    15.00  -204.00    20.15917    96.09467     5.010     3.5937     0.303600013    -1.532599926     1.228999972     0.348199993    -0.041200001     3.300400019   20  348.71  258.62   84.82   88.94  -178.94    -5.18  213.55  303.78   67.13    4.41    2.91   84.71   -17.03
    6   22    15.00  -192.00    20.26674    96.08051     5.010     3.5549     0.147100002    -1.247900009     1.100800037     0.188199997     0.040300000     3.349800110   20  350.33   80.35   86.88   89.68   179.68     3.12  215.30  305.39   86.27    1.98    2.44   86.86    -8.03
    6   23    15.00  -180.00    20.37430    96.06635     5.010     3.5288    -0.067199998    -0.966100037     1.033300042     0.021400001     0.028999999     3.384000063   20  351.77   81.77   89.60   89.60   179.60     0.40   36.77  306.77  127.14    0.00    0.57   89.43     3.79
    6   24    15.00  -168.00    20.48186    96.05219     5.010     3.8994    -0.416599989    -0.664999962     1.081599951     0.002200000    -0.059700001     3.799900055   20  353.53  263.53   89.92   89.11  -179.11    -0.08  218.53  128.53  358.39    0.68    0.57   89.11    20.28
    6   25    15.00  -156.00    20.58943    96.03802     5.010     4.8304    -0.703800023    -0.561699927     1.265499949     0.212200001    -0.148399994     4.734200001   20  354.60  264.47   87.10   87.38  -177.38    -2.90  219.53  309.54   42.49    3.90    0.20   86.09    26.53
    6   26    15.00  -144.00    20.69699    96.02386     5.010     5.2566    -1.007900000    -0.397099972     1.404999971     0.187299997    -0.308600008     5.162000179   20  355.18  264.95   87.02   85.63  -175.62    -2.99  220.11  130.02   29.34    5.20    0.98   84.71    34.07
    6   27    15.00  -132.00    20.80455    96.00970     5.010     5.7255    -1.137199998    -0.404199958     1.541399956     0.323399991    -0.337799996     5.614999771   20  355.28  264.90   85.65   85.09  -175.08    -4.37  220.11  130.07   36.68    6.56    0.39   83.43    34.59
    6   28    15.00  -120.00    20.91212    95.99554     5.010     5.2661    -1.068699956    -0.404500008     1.473199964     0.025400000    -0.355599999     5.168399811   20  354.92  264.83   88.78   85.75  -175.75    -1.22  219.95  129.80   10.86    3.87    2.14   85.58    36.63
    6   29    15.00  -108.00    21.01968    95.98138     5.010     5.8171    -0.671700001    -0.824800014     1.496500015     0.483799994    -0.234799996     5.670100212   20  354.37  264.04   84.89   86.38  -176.37    -5.12  219.15  309.26   48.86    6.18    1.05   83.73    20.16
    6   30    15.00   -96.00    21.12724    95.96721     5.010     5.6090    -0.321900010    -1.068899989     1.390799999     0.529299974    -0.185499996     5.441699982   20  353.76  263.49   84.60   87.10  -177.09    -5.40  218.53  308.72   55.33    5.87    1.76   83.87     9.51
    6   31    15.00   -84.00    21.23480    95.95305     5.010     4.6028    -0.038699999    -1.090000033     1.128700018    -0.082199998    -0.118299998     4.464799881   20  173.01  263.04   88.82   88.68   178.68     1.18  218.02  128.02  311.34    0.10    1.77   88.23     1.86
    6   32    15.00   -72.00    21.34237    95.93889     5.010     3.7658     0.237700000    -1.115100026     0.877399981    -0.610199988     0.040700000     3.581300020   20  172.34   82.19   80.94   89.06  -179.05    -9.06   36.91  127.62  256.32    7.06    5.72   80.89   -13.70
    6   33    15.00   -60.00    21.44993    95.92473     5.010     3.7629     0.503700018    -1.182899952     0.679199994    -0.222900003     0.255499989     3.632499933   20  172.87   82.73   87.92   86.14  -176.14    -2.09   37.85  307.76  201.18    4.20    1.25   85.62   -26.16
    6   34    15.00   -48.00    21.55749    95.91056     5.010     4.7252     0.646399975    -1.150899887     0.504499972     0.718500018     0.496699989     4.553299904   20  354.24   85.54   79.55   83.01   172.89    10.53  219.63  310.16  118.76    2.42   12.37   77.39   -19.01
    6   35    15.00   -36.00    21.66506    95.89640     5.010     6.2129     0.340499997    -0.870700002     0.530200005     1.799499989     0.622200012     5.864900112   20  355.78   87.42   72.68   84.76   174.51    17.39  220.42  312.84  103.68    8.39   15.97   71.86    -0.10
    6   36    15.00   -24.00    21.77262    95.88224     5.010     7.3325     0.075400002    -0.657100022     0.581700027     2.542599916     0.725600004     6.817100048   20  356.55   88.01   69.62   86.07   175.81    20.43  220.54  314.11   98.44   11.41   17.14   69.21     9.03
    6   37    15.00   -12.00    21.88018    95.86808     5.010     7.5364    -0.384999990    -0.190200031     0.575200021     2.838200092     0.727299988     6.955900192   20  357.67   88.53   67.98   87.87   177.70    22.04  220.99  315.28   93.79   13.81   16.94   67.87    19.11
    6   38    15.00     0.00    21.98775    95.85391     5.010     7.2814    -0.703700006     0.268900007     0.434799999     2.880399942     0.721899986     6.682000160   20  358.90   89.34   66.82   88.98   178.89    23.19  221.74  316.54   91.71   15.41   16.91   66.79    26.90
    6   39    15.00    12.00    22.09531    95.83975     5.010     6.3598    -0.612600029     0.549500048     0.063100003     2.720999956     0.710600019     5.744900227   20    0.16   90.89   65.10   88.42   178.26    24.91  222.78  318.34   94.29   16.15   18.49   65.05    30.16
    6   40    15.00    24.00    22.20287    95.82559     5.010     4.8422    -0.569000006     0.979099989    -0.410100013     2.194600105     0.647000015     4.279799938   20    3.04   94.26   64.43   87.45   177.18    25.59  225.79  321.63   99.56   15.89   19.67   64.29    39.19
    6   41    15.00    36.00    22.31043    95.81143     5.010     4.0371    -0.548399985     1.268700004    -0.720300019     2.196700096     0.681999981     3.299499989   20    5.69   97.29   59.73   87.25   176.82    30.30  227.45  325.76  101.98   18.82   22.97   59.58    52.05
    6   42    15.00    48.00    22.41800    95.79726     5.010     4.3912    -0.397199988     1.158999920    -0.761799991     2.882600069     0.856500030     3.263999939   20    4.02   95.47   51.19   88.20   177.69    38.83  222.86  326.98   97.70   24.90   27.73   51.13    54.75
    6   43    15.00    60.00    22.52556    95.78310     5.010     3.7691    -0.291999996     1.040099978    -0.748099983     2.652199984     0.788100004     2.636600018   20    4.18   95.40   47.55   88.67   178.20    42.46  221.40  328.54   96.85   27.44   29.58   47.52    58.76
    6   44    15.00    72.00    22.63312    95.76894     5.010     2.5476    -0.023700001     0.732100010    -0.708400011     1.855900049     0.703899980     1.695799947   20    3.82   99.01   49.49   83.96   172.05    40.79  224.46  329.73  105.96   22.64   32.26   48.85    68.95
    6   45    15.00    84.00    22.74069    95.75478     5.010     1.1864     0.143199995     0.356700003    -0.499900013     0.890699983     0.462300003     0.688899994   20    8.40  110.86   61.82   68.07   154.93    30.60  238.46  331.45  143.13    4.00   36.73   52.98    81.08
    7    1    20.00  -444.00    18.00516    96.35388     0.679     0.3613    -0.010400000    -0.353199989     0.363599986     0.044199999     0.004100000     0.006500000   20  315.74  225.29   84.41   85.39  -175.37    -5.61  180.47  270.56    6.02    7.22    0.69   82.74     2.67
    7    2    20.00  -432.00    18.11272    96.33971     0.679     0.6229    -0.039099999    -0.595899999     0.634999990    -0.085699998    -0.034699999    -0.012100000   20  134.71   44.13   81.87   85.98  -175.94    -8.15  359.20   89.64  198.08    8.60    2.89   80.92     8.73
    7    3    20.00  -420.00    18.22029    96.32555     0.679     0.7389    -0.022800000    -0.681199968     0.703999996    -0.228799999    -0.075599998    -0.097300000   20   39.81  132.34   81.16   74.13   -16.07  -170.80  355.27   86.81  191.71   17.58    4.86   71.72   -12.11
    7    4    20.00  -408.00    18.32785    96.31139     0.679     0.7247    -0.007600000    -0.689999998     0.697600007    -0.152700007    -0.087499999     0.113100000   20  139.95   49.34   76.20   87.53  -177.46   -13.81    3.82   95.45  219.39   11.49    7.94   75.97    -2.20
    7    5    20.00  -396.00    18.43541    96.29723     0.679     0.7900     0.086800002    -0.654199958     0.567399979     0.001700000     0.023600001     0.500400007   20  334.65   64.68   88.88   88.32   178.32     1.12   19.67  289.66  120.96    0.40    1.98   87.98   -20.66
    7    6    20.00  -384.00    18.54298    96.28307     0.679     0.9641    -0.007700000    -0.455799997     0.463499993     0.166600004     0.072200000     0.827899992   20  345.33   75.60   79.31   88.57   178.54    10.69  209.98  300.96   83.15    6.52    8.56   79.21     3.61
    7    7    20.00  -372.00    18.65054    96.26891     0.679     1.2453    -0.049100000    -0.304499984     0.353599995     0.353899986     0.100199997     1.144199967   20  351.72   82.02   73.06   89.01   178.97    16.94  215.61  308.14   85.26   11.18   12.61   73.03    11.03
    7    8    20.00  -360.00    18.75810    96.25475     0.679     1.4165    -0.046599999    -0.175899997     0.222499996     0.363099992     0.140699998     1.349400043   20  355.26   86.14   75.04   86.70   176.58    14.98  219.78  311.66   98.30    8.15   12.90   74.67    13.53
    7    9    20.00  -348.00    18.86567    96.24059     0.679     1.5511     0.023600001    -0.115400001     0.091799997     0.194399998     0.247400001     1.515599966   20  357.48   88.62   82.65   81.21   171.13     7.44   43.15  312.94  138.11    1.01   11.46   78.50     5.02
    7   10    20.00  -336.00    18.97323    96.22642     0.679     1.8827    -0.026100000    -0.067499995     0.093599997     0.082199998     0.353100002     1.846199989   20  358.55   88.99   87.66   79.34   169.33     2.38   44.24  313.29  166.35    5.86    9.19   79.08     6.03
    7   11    20.00  -324.00    19.08079    96.21226     0.679     2.2311     0.039700001    -0.244000003     0.204300001    -0.081400000     0.392199993     2.183700085   20  177.16   86.94   88.79   79.82  -169.82    -1.23   42.50  311.61  183.88    8.04    6.31   79.75    -5.24
    7   12    20.00  -312.00    19.18835    96.19810     0.679     2.6316     0.059900001    -0.447700024     0.387800008    -0.201299995     0.461100012     2.550499916   20  175.59   85.05   87.01   79.75  -169.73    -3.04   40.75  309.90  191.66    9.37    5.10   79.31    -8.53
    7   13    20.00  -300.00    19.29592    96.18394     0.679     2.7527     0.033000000    -0.569499969     0.536499977    -0.484600008     0.460000008     2.617300034   20  174.76   83.28   81.67   79.98  -169.88    -8.46   39.16  308.89  213.83   13.03    1.17   76.91   -13.08
    7   14    20.00  -288.00    19.40348    96.16977     0.679     2.8973     0.031900000    -0.670499980     0.638599992    -0.550700009     0.434100002     2.738899946   20  174.03   82.53   80.81   80.82  -170.70    -9.31   38.28  128.28  218.32   13.05    0.01   76.95   -12.98
    7   15    20.00  -276.00    19.51104    96.15561     0.679     2.8982     0.146300003    -0.780300021     0.634000003    -0.545199990     0.415199995     2.734699965   20  173.40   82.11   81.37   81.55  -171.45    -8.72   37.74  127.77  218.35   12.12    0.12   77.88   -19.27
    7   16    20.00  -264.00    19.61861    96.14145     0.679     3.1219     0.209099993    -0.920899987     0.711799979    -0.254999995     0.363099992     2.983099937   20  172.51   82.15   87.04   83.09  -173.08    -2.98   37.50  307.16  195.55    6.98    2.78   82.48   -15.66
    7   17    20.00  -252.00    19.72617    96.12729     0.679     3.3633     0.383599997    -1.228399992     0.844799995     0.025400000     0.271200001     3.186700106   20  350.89   81.06   88.04   85.17   175.17     1.96   36.06  305.89  148.90    2.03    4.80   84.79   -20.79
    7   18    20.00  -240.00    19.83373    96.11313     0.679     3.5355     0.540300012    -1.582100034     1.041800022     0.227699995     0.154100001     3.268899918   20  348.96   79.20   85.27   87.19   177.18     4.73  214.02  304.14  109.81    1.35    5.33   84.50   -27.35
    7   19    20.00  -228.00    19.94130    96.09896     0.679     3.7214     0.483500004    -1.728500009     1.245000005     0.388399988     0.032499999     3.389400005   20  348.17   78.21   83.95   89.55   179.55     6.05  213.03  303.35   82.42    3.96    4.59   83.93   -24.50
    7   20    20.00  -216.00    20.04886    96.08480     0.679     3.7002     0.408699989    -1.728899956     1.320199966     0.361099988    -0.073799998     3.353300095   20  347.86  257.73   85.02   88.55  -178.55    -4.98  212.69  302.89   61.59    4.55    2.50   84.81   -21.98
    7   21    20.00  -204.00    20.15642    96.07064     0.679     3.6876     0.332100004    -1.586700082     1.254600048     0.328299999    -0.029999999     3.387900114   20  348.67  258.61   85.20   89.20  -179.20    -4.80  213.54  303.74   69.20    3.96    2.83   85.13   -17.85
    7   22    20.00  -192.00    20.26398    96.05648     0.679     3.6702     0.172999993    -1.299199939     1.126199961     0.192800000     0.047600001     3.458300114   20  350.33   80.35   86.88   89.55   179.55     3.12  215.30  305.38   88.48    1.89    2.52   86.84    -9.09
    7   23    20.00  -180.00    20.37155    96.04231     0.679     3.7010    -0.061000001    -1.008599997     1.069599986     0.010000000     0.034299999     3.552000046   20  351.85   81.85   89.78   89.50   179.50     0.22   36.85  306.85  148.39    0.20    0.51   89.46     3.28
    7   24    20.00  -168.00    20.47911    96.02815     0.679     4.0179    -0.446200013    -0.671900034     1.118100047    -0.038600001    -0.081000000     3.915999889   20  173.56  263.57   89.49   89.00   179.00     0.51  218.57  128.56  326.60    0.35    1.07   88.88    21.11
    7   25    20.00  -156.00    20.58667    96.01399     0.679     4.9402    -0.750000000    -0.555400014     1.305400014     0.171900004    -0.171599999     4.843999863   20  354.62  264.51   87.59   87.29  -177.29    -2.41  219.57  129.56   36.15    3.62    0.22   86.37    27.69
    7   26    20.00  -144.00    20.69424    95.99983     0.679     5.4593    -1.052000046    -0.412999988     1.465000033     0.192300007    -0.329699993     5.359899998   20  355.16  264.93   87.02   85.53  -175.52    -2.99  220.09  130.00   28.74    5.27    1.05   84.63    34.21
    7   27    20.00  -132.00    20.80180    95.98566     0.679     5.9633    -1.185199976    -0.419900060     1.605100036     0.338999987    -0.347200006     5.848499775   20  355.28  264.91   85.63   85.13  -175.12    -4.39  220.12  130.07   37.00    6.54    0.35   83.45    34.62
    7   28    20.00  -120.00    20.90936    95.97150     0.679     5.4530    -1.141999960    -0.402199984     1.544199944     0.009600000    -0.378899992     5.351200104   20  354.91  264.83   88.90   85.68  -175.68    -1.10  219.95  129.79    9.12    3.83    2.28   85.54    37.75
    7   29    20.00  -108.00    21.01693    95.95734     0.679     6.0830    -0.724600017    -0.845300019     1.569900036     0.514400005    -0.242100000     5.929699898   20  354.40  264.07   84.79   86.36  -176.35    -5.22  219.17  309.30   49.30    6.27    1.11   83.64    20.78
    7   30    20.00   -96.00    21.12449    95.94318     0.679     5.8244    -0.359600008    -1.098999977     1.458600044     0.568700016    -0.195199996     5.647999763   20  353.76  263.47   84.40   87.00  -176.99    -5.61  218.51  308.71   55.44    6.09    1.84   83.64    10.23
    7   31    20.00   -84.00    21.23205    95.92902     0.679     4.7639    -0.087099999    -1.105700016     1.192800045    -0.078400001    -0.132699996     4.620699883   20  173.00  263.03   88.91   88.56   178.56     1.09  218.02  128.01  315.89    0.25    1.79   88.20     3.82
    7   32    20.00   -72.00    21.33962    95.91486     0.679     3.9588     0.235699996    -1.152799964     0.917100012    -0.577300012     0.053300001     3.778300047   20  172.45   82.29   81.90   88.91  -178.90    -8.10   37.09  127.65  254.65    6.50    4.94   81.83   -12.96
    7   33    20.00   -60.00    21.44718    95.90070     0.679     4.0148     0.497200012    -1.212899923     0.715699971    -0.131300002     0.290699989     3.885200024   20  173.04   83.00   89.44   85.76  -175.76    -0.56   38.09  307.94  180.50    3.39    2.61   85.72   -23.77
    7   34    20.00   -48.00    21.55474    95.88654     0.679     4.8910     0.634899974    -1.160699964     0.525799990     0.758899987     0.515100002     4.713900089   20  354.32   85.61   79.47   83.10   172.98    10.61  219.70  310.25  118.29    2.54   12.37   77.37   -17.69
    7   35    20.00   -36.00    21.66231    95.87238     0.679     6.4725     0.340499997    -0.858200014     0.517700016     1.882400036     0.670599997     6.110700130   20  355.93   87.63   72.64   84.60   174.35    17.44  220.61  313.02  104.30    8.31   16.11   71.77     0.82
    7   36    20.00   -24.00    21.76987    95.85821     0.679     7.5912     0.094300002    -0.662400007     0.568099976     2.565700054     0.766799986     7.082300186   20  356.65   88.16   70.16   85.82   175.56    19.90  220.77  314.12   99.53   10.87   16.95   69.69     8.84
    7   37    20.00   -12.00    21.87743    95.84405     0.679     7.8003    -0.382800013    -0.191300005     0.574100018     2.856300116     0.737299979     7.232999802   20  357.75   88.63   68.64   87.76   177.60    21.38  221.21  315.24   94.32   13.29   16.57   68.51    18.51
    7   38    20.00     0.00    21.98499    95.82989     0.679     7.6008    -0.761900008     0.313600004     0.448300004     2.956700087     0.742399991     6.997399807   20  359.01   89.42   67.23   89.04   178.96    22.77  221.91  316.55   91.71   15.18   16.59   67.21    27.24
    7   39    20.00    12.00    22.09256    95.81573     0.679     6.6081    -0.720600009     0.637899995     0.082699999     2.790999889     0.711000025     5.987299919   20    0.37   90.89   65.37   88.88   178.77    24.64  222.93  318.38   93.32   16.31   17.97   65.34    31.27
    7   40    20.00    24.00    22.20012    95.80156     0.679     5.1234    -0.641300023     1.030900002    -0.389600009     2.323499918     0.671100020     4.531899929   20    2.96   93.97   64.25   87.89   177.66    25.77  225.55  321.49   98.33   16.33   19.46   64.15    39.61
    7   41    20.00    36.00    22.30768    95.78740     0.679     4.2593    -0.606100023     1.324500084    -0.718400002     2.308700085     0.691999972     3.493000031   20    5.61   96.89   59.52   87.83   177.48    30.51  227.12  325.57  100.57   19.39   22.67   59.42    51.48
    7   42    20.00    48.00    22.41525    95.77324     0.679     4.5269    -0.398299992     1.196599960    -0.798300028     2.941200018     0.879199982     3.387500048   20    4.07   95.75   51.87   87.87   177.29    38.16  223.31  326.90   98.46   24.22   27.58   51.79    54.35
    7   43    20.00    60.00    22.52281    95.75908     0.679     3.9411    -0.251300007     1.042000055    -0.790700018     2.742799997     0.839299977     2.786200047   20    3.82   95.82   48.63   87.72   176.96    41.41  222.00  328.20   98.41   26.05   29.70   48.54    58.09
    7   44    20.00    72.00    22.63037    95.74491     0.679     2.6810    -0.028800000     0.744599998    -0.715799987     1.933599949     0.715900004     1.807600021   20    3.66   98.63   49.59   84.19   172.36    40.66  224.20  329.39  105.35   22.76   32.00   49.00    66.74
    7   45    20.00    84.00    22.73794    95.73075     0.679     1.3072     0.180000007     0.341700017    -0.521700025     0.958299994     0.492300004     0.789900005   20    6.09  108.40   59.40   70.18   156.80    32.76  235.20  330.41  136.19    6.91   36.85   52.29    76.49
