160.04886    53.21336     53.40      33.1     86.6     78.3     0.729    160.04886    53.21336    
160.29172    53.09760     46.60      30.6     84.8     83.7     1.251    160.29172    53.09760    
160.53456    52.98183     39.80      24.1     86.3     93.6     1.725    160.53456    52.98183    
160.77742    52.86607     33.00      21.3     88.7     104.2    1.818    160.77742    52.86607    
161.02028    52.75031     26.20      204.7    89.9     -115.1   1.917    161.02028    52.75031    
161.26312    52.63455     19.40      104.2    33.9     -1.8     1.896    161.26312    52.63455    
161.50598    52.51879     12.60      97.8     43.2     1.9      1.966    161.50598    52.51879    
161.74884    52.40303     5.81       95.6     48.8     8.2      1.963    161.74884    52.40303    
159.82216    53.03632     53.40      40.8     83.9     76.8     1.011    159.82216    53.03632    
160.06500    52.92056     46.60      38.9     83.0     74.8     1.875    160.06500    52.92056    
160.30786    52.80480     39.80      39.2     88.3     86.7     2.572    160.30786    52.80480    
160.55070    52.68904     33.00      28.5     90.0     102.3    3.120    160.55070    52.68904    
160.79356    52.57328     26.20      110.1    25.5     -2.4     3.335    160.79356    52.57328    
161.03642    52.45752     19.40      100.8    34.8     -6.7     3.124    161.03642    52.45752    
161.27927    52.34175     12.60      96.5     46.4     -2.7     3.146    161.27927    52.34175    
161.52213    52.22599     5.81       95.4     56.0     0.3      3.128    161.52213    52.22599    
159.59544    52.85928     53.40      48.3     77.1     82.7     0.943    159.59544    52.85928    
159.83830    52.74352     46.60      38.9     79.5     75.3     1.539    159.83830    52.74352    
160.08115    52.62776     39.80      32.7     87.0     88.9     2.642    160.08115    52.62776    
160.32401    52.51200     33.00      27.6     88.7     95.4     3.946    160.32401    52.51200    
160.56686    52.39624     26.20      200.5    87.6     -108.7   3.568    160.56686    52.39624    
160.80971    52.28048     19.40      99.9     32.8     -8.0     3.775    160.80971    52.28048    
161.05257    52.16472     12.60      97.1     40.7     -7.4     3.945    161.05257    52.16472    
161.29543    52.04896     5.81       96.2     46.8     -7.7     4.153    161.29543    52.04896    
159.36874    52.68225     53.40      78.0     66.8     110.7    1.088    159.36874    52.68225    
159.61159    52.56649     46.60      64.5     70.1     98.9     1.544    159.61159    52.56649    
159.85445    52.45073     39.80      34.0     81.3     80.2     2.457    159.85445    52.45073    
160.09731    52.33496     33.00      30.7     87.5     87.6     3.138    160.09731    52.33496    
160.34015    52.21920     26.20      200.2    88.5     -103.8   3.435    160.34015    52.21920    
160.58301    52.10344     19.40      99.6     28.5     -6.9     3.757    160.58301    52.10344    
160.82585    51.98768     12.60      96.4     35.9     -9.6     4.145    160.82585    51.98768    
161.06871    51.87192     5.81       96.0     39.9     -7.6     4.615    161.06871    51.87192    
159.14203    52.50521     53.40      88.8     65.7     135.6    1.180    159.14203    52.50521    
159.38489    52.38945     46.60      81.1     63.2     118.8    1.612    159.38489    52.38945    
159.62773    52.27369     39.80      48.4     69.8     79.3     1.978    159.62773    52.27369    
159.87059    52.15793     33.00      33.7     83.2     86.5     2.342    159.87059    52.15793    
160.11345    52.04217     26.20      21.5     89.6     99.2     2.817    160.11345    52.04217    
160.35629    51.92641     19.40      100.1    23.6     -8.5     3.440    160.35629    51.92641    
160.59915    51.81065     12.60      97.6     31.6     -11.1    4.170    160.59915    51.81065    
160.84201    51.69489     5.81       97.8     35.4     -10.3    4.603    160.84201    51.69489    
158.91533    52.32817     53.40      96.0     66.0     144.0    1.167    158.91533    52.32817    
159.15817    52.21241     46.60      93.3     67.1     135.1    1.687    159.15817    52.21241    
159.40103    52.09665     39.80      79.2     68.5     120.4    1.646    159.40103    52.09665    
159.64389    51.98089     33.00      41.3     80.0     93.8     1.686    159.64389    51.98089    
159.88673    51.86513     26.20      209.8    89.8     -102.6   2.314    159.88673    51.86513    
160.12959    51.74937     19.40      101.4    26.7     -14.5    3.085    160.12959    51.74937    
160.37245    51.63361     12.60      99.5     33.3     -16.1    3.826    160.37245    51.63361    
160.61530    51.51785     5.81       98.6     36.3     -16.9    4.227    160.61530    51.51785    
158.68861    52.15114     53.40      96.7     61.4     141.0    1.223    158.68861    52.15114    
158.93147    52.03538     46.60      97.2     65.9     137.4    1.787    158.93147    52.03538    
159.17432    51.91962     39.80      88.1     69.5     134.0    1.550    159.17432    51.91962    
159.41718    51.80386     33.00      62.3     85.7     113.5    1.257    159.41718    51.80386    
159.66003    51.68810     26.20      220.8    83.4     -115.5   2.131    159.66003    51.68810    
159.90288    51.57233     19.40      214.4    79.3     -121.6   3.070    159.90288    51.57233    
160.14574    51.45657     12.60      104.0    35.3     -20.8    3.776    160.14574    51.45657    
160.38860    51.34081     5.81       100.7    35.5     -18.5    4.116    160.38860    51.34081    
158.46191    51.97410     53.40      97.8     58.8     141.8    1.163    158.46191    51.97410    
158.70476    51.85834     46.60      101.3    65.4     134.1    1.770    158.70476    51.85834    
158.94762    51.74258     39.80      94.7     67.9     130.5    1.442    158.94762    51.74258    
159.19048    51.62682     33.00      54.3     85.9     101.5    1.213    159.19048    51.62682    
159.43332    51.51106     26.20      222.2    79.9     -116.3   2.220    159.43332    51.51106    
159.67618    51.39530     19.40      216.3    77.8     -121.5   3.305    159.67618    51.39530    
159.91904    51.27954     12.60      105.6    38.7     -23.1    3.910    159.91904    51.27954    
160.16188    51.16378     5.81       102.6    39.2     -21.8    4.171    160.16188    51.16378    
158.23520    51.79707     53.40      105.6    55.2     144.0    1.381    158.23520    51.79707    
158.47806    51.68130     46.60      107.2    60.8     137.1    1.934    158.47806    51.68130    
158.72092    51.56554     39.80      103.0    66.3     129.1    1.354    158.72092    51.56554    
158.96376    51.44978     33.00      45.3     81.2     86.3     1.013    158.96376    51.44978    
159.20662    51.33402     26.20      211.5    86.4     -106.8   2.386    159.20662    51.33402    
159.44946    51.21826     19.40      209.6    83.1     -115.0   3.748    159.44946    51.21826    
159.69232    51.10250     12.60      101.7    30.5     -18.5    4.572    159.69232    51.10250    
159.93518    50.98674     5.81       100.2    30.9     -18.1    4.975    159.93518    50.98674    
158.00850    51.62003     53.40      109.7    60.1     142.2    1.303    158.00850    51.62003    
158.25134    51.50427     46.60      103.8    60.2     137.3    1.696    158.25134    51.50427    
158.49420    51.38851     39.80      95.9     62.1     127.9    1.354    158.49420    51.38851    
158.73706    51.27275     33.00      33.0     77.8     80.9     1.279    158.73706    51.27275    
158.97990    51.15699     26.20      20.4     89.3     99.7     2.798    158.97990    51.15699    
159.22276    51.04123     19.40      200.4    86.4     -107.2   4.317    159.22276    51.04123    
159.46562    50.92546     12.60      96.4     21.0     -14.8    5.393    159.46562    50.92546    
159.70847    50.80970     5.81       96.4     21.3     -15.0    6.064    159.70847    50.80970    
157.78178    51.44299     53.40      100.5    50.4     146.6    1.191    157.78178    51.44299    
158.02464    51.32723     46.60      95.3     49.7     139.4    1.648    158.02464    51.32723    
158.26750    51.21147     39.80      82.4     55.6     118.7    1.179    158.26750    51.21147    
158.51035    51.09571     33.00      25.7     78.0     83.3     1.497    158.51035    51.09571    
158.75320    50.97995     26.20      15.9     88.7     97.4     3.383    158.75320    50.97995    
158.99606    50.86419     19.40      196.6    88.3     -102.5   5.122    158.99606    50.86419    
159.23891    50.74843     12.60      197.9    86.4     -105.9   6.328    159.23891    50.74843    
159.48177    50.63267     5.81       197.4    85.9     -106.5   6.998    159.48177    50.63267    
157.55508    51.26595     53.40      90.1     42.1     137.4    1.220    157.55508    51.26595    
157.79794    51.15019     46.60      84.0     43.0     136.4    1.598    157.79794    51.15019    
158.04079    51.03443     39.80      66.4     54.5     108.5    1.138    158.04079    51.03443    
158.28365    50.91867     33.00      18.1     80.7     85.5     2.017    158.28365    50.91867    
158.52649    50.80291     26.20      11.7     87.6     94.5     3.906    158.52649    50.80291    
158.76935    50.68715     19.40      192.9    89.4     -99.1    5.809    158.76935    50.68715    
159.01221    50.57139     12.60      195.0    87.9     -101.9   7.137    159.01221    50.57139    
159.25505    50.45563     5.81       195.8    87.0     -103.3   7.771    159.25505    50.45563    
157.32837    51.08892     53.40      69.2     28.0     137.8    1.196    157.32837    51.08892    
157.57123    50.97316     46.60      69.5     34.7     133.0    1.529    157.57123    50.97316    
157.81409    50.85740     39.80      51.2     49.4     99.7     1.072    157.81409    50.85740    
158.05693    50.74163     33.00      12.0     79.0     87.6     2.088    158.05693    50.74163    
158.29979    50.62587     26.20      9.7      86.5     93.9     4.115    158.29979    50.62587    
158.54265    50.51011     19.40      11.4     89.6     97.7     6.012    158.54265    50.51011    
158.78549    50.39435     12.60      193.2    88.8     -100.0   7.294    158.78549    50.39435    
159.02835    50.27859     5.81       193.7    88.1     -100.8   8.000    159.02835    50.27859    
157.10167    50.91188     53.40      50.4     19.8     129.3    1.161    157.10167    50.91188    
157.34453    50.79612     46.60      48.3     22.3     129.3    1.647    157.34453    50.79612    
157.58737    50.68036     39.80      47.3     42.5     110.9    1.083    157.58737    50.68036    
157.83023    50.56460     33.00      12.0     75.7     88.1     1.862    157.83023    50.56460    
158.07309    50.44884     26.20      8.4      85.1     92.8     3.688    158.07309    50.44884    
158.31593    50.33308     19.40      9.6      88.6     96.1     5.534    158.31593    50.33308    
158.55879    50.21732     12.60      191.4    89.6     -98.3    6.772    158.55879    50.21732    
158.80164    50.10155     5.81       191.5    88.8     -98.7    7.487    158.80164    50.10155    
156.87495    50.73484     53.40      48.1     17.0     134.9    1.360    156.87495    50.73484    
157.11781    50.61908     46.60      47.3     18.0     130.7    1.999    157.11781    50.61908    
157.36067    50.50332     39.80      45.5     30.6     123.5    1.376    157.36067    50.50332    
157.60352    50.38756     33.00      19.2     66.2     91.4     1.294    157.60352    50.38756    
157.84637    50.27180     26.20      10.2     82.7     91.2     2.993    157.84637    50.27180    
158.08923    50.15604     19.40      9.5      87.3     94.1     4.782    158.08923    50.15604    
158.33208    50.04028     12.60      11.9     89.7     97.0     6.051    158.33208    50.04028    
158.57494    49.92452     5.81       191.9    89.4     -97.8    6.668    158.57494    49.92452    
156.64825    50.55781     53.40      60.5     14.9     147.5    1.714    156.64825    50.55781    
156.89111    50.44205     46.60      60.7     17.5     148.9    2.305    156.89111    50.44205    
157.13396    50.32629     39.80      57.4     27.2     144.2    1.741    157.13396    50.32629    
157.37682    50.21053     33.00      46.4     60.2     120.4    1.104    157.37682    50.21053    
157.61967    50.09476     26.20      16.9     80.4     91.4     2.323    157.61967    50.09476    
157.86252    49.97900     19.40      13.8     86.6     94.1     3.800    157.86252    49.97900    
158.10538    49.86324     12.60      14.2     89.1     96.4     5.008    158.10538    49.86324    
158.34824    49.74748     5.81       193.0    90.0     -96.6    5.721    158.34824    49.74748    
156.42155    50.38077     53.40      68.1     19.3     155.9    1.449    156.42155    50.38077    
156.66440    50.26501     46.60      66.0     20.6     153.2    2.184    156.66440    50.26501    
156.90726    50.14925     39.80      63.9     28.7     148.8    1.841    156.90726    50.14925    
157.15010    50.03349     33.00      61.0     54.6     136.8    1.141    157.15010    50.03349    
157.39296    49.91773     26.20      26.7     75.6     93.8     1.567    157.39296    49.91773    
157.63582    49.80197     19.40      18.1     85.5     92.9     2.825    157.63582    49.80197    
157.87866    49.68621     12.60      15.4     88.6     94.3     3.857    157.87866    49.68621    
158.12152    49.57045     5.81       13.5     89.8     94.5     4.507    158.12152    49.57045    
156.19484    50.20374     53.40      72.4     21.4     154.5    1.338    156.19484    50.20374    
156.43770    50.08797     46.60      71.1     23.6     153.8    2.053    156.43770    50.08797    
156.68054    49.97221     39.80      70.6     30.7     153.5    1.895    156.68054    49.97221    
156.92340    49.85645     33.00      70.3     53.2     147.3    1.219    156.92340    49.85645    
157.16626    49.74069     26.20      38.8     73.1     100.0    1.319    157.16626    49.74069    
157.40910    49.62493     19.40      18.7     84.6     87.6     2.194    157.40910    49.62493    
157.65196    49.50917     12.60      15.5     88.4     90.2     2.961    157.65196    49.50917    
157.89482    49.39341     5.81       14.1     89.6     91.2     3.397    157.89482    49.39341    
155.96814    50.02670     53.40      75.9     25.5     153.8    1.079    155.96814    50.02670    
156.21098    49.91094     46.60      76.0     31.1     152.7    1.573    156.21098    49.91094    
156.45384    49.79518     39.80      77.2     39.0     152.8    1.496    156.45384    49.79518    
156.69670    49.67942     33.00      78.6     62.8     151.4    1.054    156.69670    49.67942    
156.93954    49.56366     26.20      264.0    37.4     161.5    1.153    156.93954    49.56366    
157.18240    49.44790     19.40      16.2     84.0     78.0     1.722    157.18240    49.44790    
157.42525    49.33213     12.60      15.9     87.7     84.3     2.118    157.42525    49.33213    
157.66811    49.21637     5.81       17.0     89.5     87.9     2.334    157.66811    49.21637    
155.74142    49.84966     53.40      79.9     33.6     154.5    0.829    155.74142    49.84966    
155.98428    49.73390     46.60      82.8     38.6     153.2    1.186    155.98428    49.73390    
156.22713    49.61814     39.80      83.9     48.8     156.9    1.146    156.22713    49.61814    
156.46999    49.50238     33.00      85.6     70.5     161.2    0.919    156.46999    49.50238    
156.71284    49.38662     26.20      269.4    61.7     -173.7   0.935    156.71284    49.38662    
156.95569    49.27086     19.40      271.2    26.9     173.7    1.267    156.95569    49.27086    
157.19855    49.15510     12.60      276.2    14.9     175.7    1.571    157.19855    49.15510    
157.44141    49.03934     5.81       191.5    89.6     -79.4    1.688    157.44141    49.03934    
155.51472    49.67263     53.40      85.9     40.5     156.3    0.598    155.51472    49.67263    
155.75757    49.55687     46.60      89.7     48.6     157.9    0.809    155.75757    49.55687    
156.00043    49.44110     39.80      93.3     74.8     172.2    0.737    156.00043    49.44110    
156.24329    49.32534     33.00      91.4     85.8     174.1    0.682    156.24329    49.32534    
156.48613    49.20958     26.20      271.8    68.7     -169.7   0.675    156.48613    49.20958    
156.72899    49.09382     19.40      275.7    42.0     -173.5   0.805    156.72899    49.09382    
156.97183    48.97806     12.60      280.8    29.1     -171.3   0.935    156.97183    48.97806    
157.21469    48.86230     5.81       283.5    26.3     -167.0   0.973    157.21469    48.86230    
155.28801    49.49559     53.40      94.1     59.0     153.9    0.239    155.28801    49.49559    
155.53087    49.37983     46.60      95.7     60.3     166.7    0.395    155.53087    49.37983    
155.77373    49.26407     39.80      95.1     67.6     176.7    0.425    155.77373    49.26407    
156.01657    49.14831     33.00      94.0     79.1     173.9    0.382    156.01657    49.14831    
156.25943    49.03255     26.20      272.2    88.3     -163.2   0.335    156.25943    49.03255    
156.50227    48.91679     19.40      273.2    65.6     -156.4   0.356    156.50227    48.91679    
156.74513    48.80103     12.60      269.2    65.3     -143.1   0.437    156.74513    48.80103    
156.98799    48.68526     5.81       279.5    42.7     -155.8   0.497    156.98799    48.68526    
