   1    1   -66.0000   -50.0000   53.21336  160.04885     53.395     3.6342  8.15400e-01 -1.24150e+00  4.26100e-01  1.67320e+00  3.13040e+00  1.01400e-01   20  287.09   33.14   12.23   86.57  163.60   78.25  134.04  290.91   33.85   40.45   47.17   11.72   43.70
   1    2   -66.0000   -25.0000   53.03632  159.82215     53.395     5.1012  1.40140e+00 -1.82660e+00  4.25200e-01  2.87140e+00  3.94520e+00 -8.77000e-02   20  286.48   40.78   14.48   83.93  155.00   76.82  142.52  296.44   42.20   37.58   49.41   13.10   30.60
   1    3   -66.0000     0.0000   52.85928  159.59544     53.395     4.6066  1.22860e+00 -1.48890e+00  2.60300e-01  3.17190e+00  2.61510e+00 -2.07590e+00   20  258.00   48.25   14.75   77.13  118.93   82.74  144.28  308.74   49.88   31.75   57.28    7.07  -58.72
   1    4   -66.0000    25.0000   52.68225  159.36873     53.395     5.3308  2.99760e+00 -3.34740e+00  3.49800e-01  3.23740e+00  7.58300e-01 -3.09530e+00   20  214.17   78.04   30.67   66.85   50.42  110.70  152.68   20.69  249.59   19.28   62.40   18.97  -57.22
   1    5   -66.0000    50.0000   52.50521  159.14203     53.395     5.8846  3.28340e+00 -3.43360e+00  1.50200e-01  2.32880e+00 -6.93000e-01 -4.35700e+00   20  200.70   88.75   50.35   65.72   32.28  135.57  147.98   47.62  245.99    9.23   47.90   40.61  -43.61
   1    6   -66.0000    75.0000   52.32817  158.91532     53.395     5.9428  2.71160e+00 -3.62970e+00  9.18100e-01  2.01600e+00 -1.93280e+00 -4.11510e+00   20  202.48   96.04   57.49   66.05   28.78  143.98  150.98   56.18  246.86    5.33   41.84   47.66  -12.08
   1    7   -66.0000   100.0000   52.15114  158.68861     53.395     6.1742  3.05890e+00 -3.81810e+00  7.59200e-01  2.13270e+00 -3.22910e+00 -3.41740e+00   20  207.86   96.70   56.48   61.41   35.03  141.03  153.30   60.12  246.09    2.98   46.79   43.05   30.68
   1    8   -66.0000   125.0000   51.97410  158.46190     53.395     5.9022  3.12340e+00 -4.01620e+00  8.92800e-01  1.55780e+00 -3.04690e+00 -3.17820e+00   20  209.98   97.77   58.05   58.77   37.66  141.77  154.02   63.55  244.42    0.43   47.79   42.20   20.84
   1    9   -66.0000   150.0000   51.79706  158.23520     53.395     7.0161  3.74780e+00 -5.71940e+00  1.97160e+00  7.30900e-01 -4.01200e+00 -2.77150e+00   20  105.56  218.09   55.22   61.11  143.97   40.66  340.60   74.56  247.45    3.54   48.16   41.62   19.98
   1   10   -66.0000   175.0000   51.62003  158.00849     53.395     6.5280  3.16590e+00 -5.24690e+00  2.08100e+00  1.26780e+00 -4.14160e+00 -2.10820e+00   20  220.84  109.70   57.92   60.09   36.05  142.21  165.72   74.32  256.96    1.32   46.73   43.24   39.45
   1   11   -66.0000   200.0000   51.44299  157.78178     53.395     5.6879  2.78380e+00 -3.72040e+00  9.36600e-01  1.02440e+00 -4.59280e+00 -1.86710e+00   20  100.55  213.37   50.42   64.86  146.55   44.73  333.91   73.85  236.59    8.63   48.67   40.02   70.95
   1   12   -66.0000   225.0000   51.26595  157.55508     53.395     5.9387  4.29220e+00 -3.89700e+00 -3.95200e-01  4.45900e-01 -4.31610e+00 -1.73150e+00   20   90.14  214.49   42.09   63.00  137.36   56.40  328.04   77.31  231.27   11.75   57.76   29.54   61.11
   1   13   -66.0000   250.0000   51.08892  157.32837     53.395     5.8240  3.90730e+00 -2.71170e+00 -1.19560e+00  2.40000e-01 -4.77330e+00 -1.53380e+00   20   69.20  197.84   27.98   71.64  137.85   68.50  304.28   78.65  204.91   23.69   57.90   20.36   61.04
   1   14   -66.0000   275.0000   50.91188  157.10166     53.395     5.6833  3.63010e+00 -2.11900e+00 -1.51110e+00  1.36300e-01 -4.90400e+00 -1.01120e+00   20   50.39  189.37   19.79   74.81  129.30   77.16  289.69   81.98  192.79   28.69   58.28   12.38   57.81
   1   15   -66.0000   300.0000   50.73484  156.87496     53.395     6.8855  3.13920e+00 -9.72800e-01 -2.16640e+00  3.76400e-01 -6.18230e+00 -1.40240e+00   20   48.07  181.94   16.99   78.04  134.86   77.84  282.05   76.74  184.49   31.99   55.36   11.89   25.61
   1   16   -66.0000   325.0000   50.55781  156.64825     53.395     8.7384  2.42970e+00 -3.58800e-01 -2.07090e+00  3.97000e-02 -8.21270e+00 -1.94710e+00   20   60.46  182.08   14.86   82.08  147.50   77.38  283.07   77.77  183.85   35.87   51.34   12.49    5.34
   1   17   -66.0000   350.0000   50.38077  156.42154     53.395     7.3918  1.86800e+00 -3.81000e-02 -1.82990e+00  1.60600e-01 -6.78660e+00 -2.26670e+00   20   68.11  181.03   19.30   82.23  155.86   72.27  286.25   71.58  183.51   34.87   49.72   17.56   -1.34
   1   18   -66.0000   375.0000   50.20373  156.19483     53.395     6.8226  2.00350e+00 -5.45400e-01 -1.45810e+00 -3.05500e-01 -6.12190e+00 -2.39970e+00   20   72.41  186.34   21.36   80.98  154.52   70.55  292.69   74.72  189.51   33.21   50.29   19.20    1.04
   1   19   -66.0000   400.0000   50.02670  155.96813     53.395     5.5017  1.94380e+00 -9.04400e-01 -1.03940e+00 -2.90500e-01 -4.71830e+00 -2.26110e+00   20   75.85  189.80   25.53   79.03  153.79   66.80  298.61   73.77  194.46   30.23   50.59   22.75    6.98
   1   20   -66.0000   425.0000   49.84966  155.74142     53.395     4.2096  1.72470e+00 -1.10580e+00 -6.18900e-01  1.30100e-01 -3.33180e+00 -2.11010e+00   20   79.88  191.53   33.63   76.21  154.51   59.01  305.18   67.66  199.68   24.85   49.22   30.00   19.48
   1   21   -66.0000   450.0000   49.67263  155.51471     53.395     3.0381  1.19680e+00 -1.03600e+00 -1.60800e-01  1.61700e-01 -2.22450e+00 -1.75070e+00   20   85.95  194.42   40.45   74.88  156.29   52.02  312.15   65.42  205.93   20.71   46.26   36.45   19.86
   1   22   -66.0000   475.0000   49.49559  155.28801     53.395     1.1707  6.05200e-01 -6.69100e-01  6.39000e-02  1.05000e-02 -3.46900e-01 -9.76300e-01   20   94.15  198.33   58.99   67.83  153.88   33.80  324.51   59.08  227.73    5.59   39.13   50.31  -56.65
   2    1   -44.0000   -50.0000   53.09759  160.29171     46.597     5.9747  2.31610e+00 -2.35990e+00  4.38000e-02  2.55760e+00  5.27720e+00  9.02800e-01   20  261.18   30.56    8.18   84.79  140.33   83.68  126.34  293.63   31.13   39.47   49.83    6.29   70.94
   2    2   -44.0000   -25.0000   52.92056  160.06500     46.597     9.3586  3.08800e+00 -3.92390e+00  8.35900e-01  4.62720e+00  7.56050e+00 -2.62000e-02   20  284.71   38.91   16.71   82.98  154.85   74.79  142.21  292.22   40.82   36.22   49.79   15.09   42.97
   2    3   -44.0000     0.0000   52.74352  159.83829     46.597     7.8028  2.31370e+00 -2.68900e+00  3.75300e-01  4.40070e+00  5.48120e+00 -2.41040e+00   20  274.03   38.85   17.99   79.49  143.82   75.31  141.19  291.41   41.59   32.93   53.27   14.44  -23.30
   2    4   -44.0000    25.0000   52.56649  159.61159     46.597     7.4409  3.31330e+00 -3.49060e+00  1.77300e-01  4.96190e+00  2.63840e+00 -4.33810e+00   20  219.91   64.53   21.71   70.10   66.94   98.87  147.65  348.85  241.49   24.60   63.85    8.33  -66.61
   2    5   -44.0000    50.0000   52.38945  159.38488     46.597     7.9675  5.10300e+00 -5.16860e+00  6.56000e-02  3.82940e+00  1.82500e-01 -5.14590e+00   20  210.41   81.06   38.57   63.18   46.36  118.82  150.54   35.18  247.12   13.52   60.68   25.48  -51.06
   2    6   -44.0000    75.0000   52.21241  159.15817     46.597     8.5594  4.47240e+00 -5.38260e+00  9.10200e-01  3.83810e+00 -1.86670e+00 -5.56270e+00   20  204.46   93.27   49.42   67.12   30.79  135.09  152.64   50.87  251.97   10.66   47.30   40.73  -22.72
   2    7   -44.0000   100.0000   52.03538  158.93147     46.597     9.0657  4.37120e+00 -5.54280e+00  1.17160e+00  3.95710e+00 -4.00110e+00 -5.08180e+00   20  207.78   97.24   51.83   65.95   31.23  137.41  155.47   56.36  253.33    8.56   46.48   42.24   22.87
   2    8   -44.0000   125.0000   51.85834  158.70476     46.597     9.0259  4.87330e+00 -6.78130e+00  1.90800e+00  3.68210e+00 -3.57840e+00 -4.29720e+00   20  214.47  101.27   49.24   65.43   33.29  134.13  161.31   60.00  259.31    9.65   49.08   39.29    5.68
   2    9   -44.0000   150.0000   51.68130  158.47805     46.597     9.8497  5.63600e+00 -8.48500e+00  2.84900e+00  2.39370e+00 -4.84650e+00 -3.48430e+00   20  221.59  107.24   53.57   60.81   37.31  137.14  165.92   70.79  259.52    4.31   49.89   39.78   12.02
   2   10   -44.0000   175.0000   51.50427  158.25134     46.597     8.5970  4.90390e+00 -6.79370e+00  1.88980e+00  2.31960e+00 -4.53190e+00 -3.46370e+00   20  218.39  103.79   53.97   60.21   37.90  137.33  162.39   67.94  255.47    3.71   50.11   39.65   23.89
   2   11   -44.0000   200.0000   51.32723  158.02464     46.597     8.1814  5.23830e+00 -5.58130e+00  3.43000e-01  1.32350e+00 -5.41780e+00 -3.18810e+00   20   95.33  214.28   49.73   60.26  139.44   48.12  332.62   71.05  238.26    6.10   53.89   35.43   47.73
   2   12   -44.0000   225.0000   51.15019  157.79793     46.597     7.9588  5.74280e+00 -4.66990e+00 -1.07290e+00  9.48900e-01 -5.17620e+00 -3.27400e+00   20   83.97  208.82   42.96   61.98  136.42   56.00  322.55   70.24  226.40   10.68   58.17   29.58   44.90
   2   13   -44.0000   250.0000   50.97316  157.57122     46.597     7.4313  5.83400e+00 -3.69830e+00 -2.13570e+00  9.11000e-01 -5.34290e+00 -2.29190e+00   20   69.47  200.87   34.73   65.37  132.99   64.70  309.26   72.12  212.01   16.65   61.14   22.86   61.84
   2   14   -44.0000   275.0000   50.79612  157.34452     46.597     8.1244  5.42640e+00 -2.64450e+00 -2.78190e+00  6.70100e-01 -6.70560e+00 -1.75300e+00   20   48.33  186.80   22.26   72.96  129.35   75.45  288.25   76.31  191.14   26.56   59.49   13.90   52.75
   2   15   -44.0000   300.0000   50.61908  157.11781     46.597    10.1436  5.04740e+00 -1.49150e+00 -3.55590e+00  3.90000e-02 -8.88860e+00 -2.18480e+00   20   47.35  185.21   18.02   76.43  130.71   78.02  285.01   79.59  188.06   30.43   56.96   11.64   22.17
   2   16   -44.0000   325.0000   50.44205  156.89110     46.597    11.7525  3.46590e+00 -9.20000e-03 -3.45670e+00  3.34000e-01 -1.07965e+01 -3.07690e+00   20   60.72  180.64   17.55   81.04  148.88   74.85  283.57   73.30  183.05   34.33   51.66   14.96   -1.11
   2   17   -44.0000   350.0000   50.26501  156.66439     46.597    11.1366  3.34120e+00 -2.33700e-01 -3.10750e+00  3.69800e-01 -1.00365e+01 -3.56700e+00   20   66.02  181.32   20.63   80.86  153.20   71.42  286.96   70.48  184.38   33.33   50.72   18.33    1.49
   2   18   -44.0000   375.0000   50.08797  156.43769     46.597    10.4651  3.51110e+00 -1.03170e+00 -2.47940e+00  4.00000e-03 -9.18530e+00 -3.93560e+00   20   71.14  185.41   23.64   79.80  153.80   68.56  293.05   71.37  189.38   31.51   50.62   21.08    7.19
   2   19   -44.0000   400.0000   49.91094  156.21098     46.597     8.0160  3.33090e+00 -1.58050e+00 -1.75040e+00  5.18000e-02 -6.40270e+00 -3.88040e+00   20   76.04  189.88   31.15   76.27  152.70   61.76  301.72   68.06  197.14   25.94   50.62   27.36   10.01
   2   20   -44.0000   425.0000   49.73390  155.98427     46.597     6.0482  2.65400e+00 -1.72760e+00 -9.26400e-01 -1.51000e-01 -4.21770e+00 -3.65240e+00   20   82.77  194.29   38.64   73.66  153.22   54.49  310.33   65.80  205.64   20.69   48.70   33.88   -4.52
   2   21   -44.0000   450.0000   49.55686  155.75757     46.597     4.1118  1.62240e+00 -1.47400e+00 -1.48400e-01 -5.06000e-02 -2.36380e+00 -3.00400e+00   20   89.69  194.69   48.59   73.64  157.94   43.58  316.82   61.27  211.18   15.58   41.83   44.03  -18.61
   2   22   -44.0000   475.0000   49.37983  155.53086     46.597     1.9790  6.35300e-01 -7.95700e-01  1.60400e-01 -1.11400e-01 -8.21900e-01 -1.68360e+00   20   95.67  192.32   60.34   78.51  166.74   30.33  320.94   57.85  211.13   12.06   29.40   57.76  -38.99
   3    1   -22.0000   -50.0000   52.98183  160.53456     39.798     8.4994  2.37270e+00 -1.74880e+00 -6.23900e-01  3.68480e+00  7.57040e+00  1.39970e+00   20  159.46   24.05    5.12   86.35   45.52   93.59  110.68  297.89  203.82   41.24   48.53    3.59   53.41
   3    2   -22.0000   -25.0000   52.80480  160.30785     39.798    12.7383  2.56590e+00 -2.46350e+00 -1.02400e-01  7.75650e+00  1.00539e+01  2.12000e+00   20  281.40   39.17    3.75   88.25  152.18   86.68  132.38  305.75   39.27   43.16   46.65    3.32   49.72
   3    3   -22.0000     0.0000   52.62776  160.08115     39.798    13.3213  2.57060e+00 -1.94860e+00 -6.22000e-01  7.09100e+00  1.11879e+01  8.64800e-01   20  232.15   32.71    3.19   86.99  109.42   88.94  123.72  301.58   32.76   41.98   48.00    1.06   32.41
   3    4   -22.0000    25.0000   52.45072  159.85444     39.798    12.5019  4.13100e+00 -3.56370e+00 -5.67300e-01  6.10660e+00  1.00665e+01 -1.82780e+00   20  262.88   34.00   13.11   81.30  138.13   80.16  132.54  292.50   35.50   35.57   52.72    9.72   15.01
   3    5   -22.0000    50.0000   52.27369  159.62773     39.798     9.8615  5.17250e+00 -5.10970e+00 -6.28000e-02  5.48150e+00  4.87170e+00 -4.63970e+00   20  257.15   48.40   22.78   69.78  116.83   79.27  146.70  301.13   52.15   24.05   63.68   10.06  -44.15
   3    6   -22.0000    75.0000   52.09665  159.40103     39.798     8.0639  4.28930e+00 -4.05690e+00 -2.32400e-01  4.62670e+00  1.02910e+00 -5.52780e+00   20  201.23   79.25   36.61   68.52   37.89  120.39  147.16   28.70  247.13   17.98   55.75   28.08  -57.28
   3    7   -22.0000   100.0000   51.91961  159.17432     39.798     7.8950  3.77620e+00 -3.53640e+00 -2.39800e-01  4.23880e+00 -1.47770e+00 -5.37620e+00   20  197.95   88.08   47.66   69.54   28.23  134.04  147.75   43.47  249.40   13.24   46.34   40.64  -10.52
   3    8   -22.0000   125.0000   51.74258  158.94761     39.798     7.3448  3.91170e+00 -4.78640e+00  8.74700e-01  3.77130e+00 -1.79740e+00 -4.14210e+00   20  208.43   94.67   45.21   67.91   32.00  130.51  156.49   50.06  256.85   13.43   49.83   37.00  -11.92
   3    9   -22.0000   150.0000   51.56554  158.72090     39.798     6.9044  3.93910e+00 -5.58250e+00  1.64340e+00  3.12870e+00 -2.38620e+00 -2.74300e+00   20  219.25  102.99   44.75   66.32   34.79  129.15  165.77   59.24  264.88   12.60   51.83   35.32   -5.47
   3   10   -22.0000   175.0000   51.38851  158.49420     39.798     6.8775  4.44670e+00 -5.52300e+00  1.07630e+00  2.70880e+00 -1.79510e+00 -3.37960e+00   20  216.90   95.89   45.79   62.10   40.77  127.90  159.77   55.94  255.87    9.33   55.49   32.88  -20.17
   3   11   -22.0000   200.0000   51.21147  158.26749     39.798     6.0026  4.79000e+00 -4.32200e+00 -4.68000e-01  2.00270e+00 -1.13640e+00 -3.15580e+00   20  218.29   82.37   43.61   55.61   54.97  118.67  152.40   47.88  245.21    6.46   65.69   23.33  -14.45
   3   12   -22.0000   225.0000   51.03443  158.04078     39.798     5.7916  5.02520e+00 -3.28010e+00 -1.74510e+00  1.97230e+00 -1.34700e-01 -3.19990e+00   20  216.40   66.37   39.49   54.47   66.01  108.52  143.27   26.77  235.36    7.75   73.05   14.98  -14.07
   3   13   -22.0000   250.0000   50.85740  157.81408     39.798     5.4304  5.62380e+00 -2.70130e+00 -2.92250e+00  1.11180e+00 -4.24000e-02 -2.21190e+00   20  216.43   51.19   41.52   49.43   78.85   99.72  134.31   16.09  224.83    3.99   81.61    7.37   24.39
   3   14   -22.0000   275.0000   50.68036  157.58737     39.798     5.4335  5.53340e+00 -2.03550e+00 -3.49790e+00  9.86800e-01 -1.56550e+00 -1.89770e+00   20   47.34  199.96   42.48   50.88  110.90   71.90  302.68   49.51  211.60    4.32   75.38   13.94   38.44
   3   15   -22.0000   300.0000   50.50332  157.36066     39.798     7.0087  5.29960e+00 -9.90500e-01 -4.30910e+00  5.00200e-01 -4.39070e+00 -2.43470e+00   20   45.51  187.98   30.64   64.84  123.45   71.92  291.32   66.20  195.89   17.92   65.37   16.32   12.44
   3   16   -22.0000   325.0000   50.32629  157.13395     39.798     8.8760  4.19990e+00  4.93000e-02 -4.24920e+00  8.48300e-01 -7.01770e+00 -3.31250e+00   20   57.44  180.16   27.19   74.48  144.15   67.39  287.78   61.95  186.52   26.09   54.90   21.74   -1.96
   3   17   -22.0000   350.0000   50.14925  156.90725     39.798     9.3872  4.16260e+00 -4.57200e-01 -3.70540e+00  9.03600e-01 -7.50130e+00 -3.93190e+00   20   63.92  181.86   28.71   75.61  148.83   64.89  291.43   62.15  188.51   26.39   52.75   24.27    5.90
   3   18   -22.0000   375.0000   49.97221  156.68054     39.798     9.6576  3.85850e+00 -8.68000e-01 -2.99050e+00  7.60200e-01 -7.74480e+00 -4.53230e+00   20   70.61  183.83   30.66   76.84  153.49   62.05  295.58   62.59  190.72   26.57   50.28   27.15    8.25
   3   19   -22.0000   400.0000   49.79518  156.45383     39.798     7.6291  3.40260e+00 -1.34680e+00 -2.05580e+00  3.66800e-01 -5.27390e+00 -4.63240e+00   20   77.24  188.99   38.97   73.31  152.83   54.26  305.12   60.13  200.67   20.29   48.84   34.02   -3.54
   3   20   -22.0000   425.0000   49.61814  156.22713     39.798     5.8313  2.37260e+00 -1.33220e+00 -1.04040e+00  3.66100e-01 -3.31860e+00 -4.33350e+00   20   83.89  189.59   48.83   72.80  156.87   43.56  311.61   55.63  206.86   14.86   42.42   43.81  -15.47
   3   21   -22.0000   450.0000   49.44110  156.00042     39.798     3.6312  1.22140e+00 -1.09530e+00 -1.26100e-01 -2.96000e-02 -7.25300e-01 -3.49810e+00   20   93.26  185.33   74.79   82.44  172.16   15.35  318.55   50.09  210.95    5.30   16.18   72.93  -53.22
   3   22   -22.0000   475.0000   49.26407  155.77371     39.798     2.1505  3.19100e-01 -5.27200e-01  2.08100e-01 -1.38600e-01 -7.83600e-01 -1.96120e+00   20   95.13  186.39   67.64   86.93  176.68   22.39  318.61   53.01  193.80   13.36   17.87   67.41  -25.87
   4    1     0.0000   -50.0000   52.86607  160.77741     33.000     9.1973  9.65200e-01  4.74500e-01 -1.43970e+00  3.73750e+00  8.10550e+00  2.17170e+00   20  116.39   21.28   14.27   88.70    5.27  104.22   97.77  305.38  200.95   42.01   44.53   14.21   27.74
   4    2     0.0000   -25.0000   52.68904  160.55071     33.000    15.6589  1.41920e+00  8.27700e-01 -2.24690e+00  8.19080e+00  1.29598e+01  3.77290e+00   20  118.59   28.47   12.34   89.97    0.12  102.34  106.41  310.54  208.47   43.67   43.72   12.34   37.68
   4    3     0.0000     0.0000   52.51200  160.32400     33.000    19.8515  2.72270e+00 -1.19360e+00 -1.52910e+00  9.65020e+00  1.72344e+01  3.03430e+00   20  130.57   27.56    5.59   88.74   13.07   95.45  112.25  303.11  207.44   43.48   46.00    5.45   34.99
   4    4     0.0000    25.0000   52.33496  160.09729     33.000    15.7241  3.06280e+00 -3.02210e+00 -4.07000e-02  7.78020e+00  1.35840e+01  1.35890e+00   20  255.46   30.71    3.47   87.54  134.70   87.56  123.05  298.16   30.82   42.49   47.41    2.44   39.51
   4    5     0.0000    50.0000   52.15793  159.87059     33.000    11.9409  2.93960e+00 -1.69350e+00 -1.24610e+00  6.32760e+00  9.70940e+00 -1.34800e+00   20  241.32   33.66    7.62   83.24  117.45   86.47  126.83  299.64   34.08   38.15   51.63    3.50    5.19
   4    6     0.0000    75.0000   51.98089  159.64388     33.000     8.1353  1.18980e+00  4.72700e-01 -1.66250e+00  4.86950e+00  5.87010e+00 -3.68360e+00   20  200.29   41.34   10.70   80.00   69.28   93.82  128.05  316.04  220.68   34.89   54.85    3.77  -66.02
   4    7     0.0000   100.0000   51.80385  159.41717     33.000     6.1963  3.51700e-01  9.93700e-01 -1.34540e+00  4.54690e+00  3.35120e+00 -2.78330e+00   20  162.12   62.33   23.89   85.69   10.69  113.52  131.80  355.59  240.45   36.40   44.40   23.45  -53.26
   4    8     0.0000   125.0000   51.62682  159.19046     33.000     6.0218  1.17300e-01  5.98500e-01 -7.15800e-01  4.50680e+00  3.72500e+00 -1.91200e+00   20  163.63   54.29   12.20   85.90   19.75  101.50  133.71  336.43  233.46   39.84   47.87   11.47  -48.00
   4    9     0.0000   150.0000   51.44978  158.96376     33.000     5.0467  8.89000e-01 -8.07900e-01 -8.11000e-02  3.46510e+00  3.32210e+00 -1.71140e+00   20  248.43   45.34    9.54   81.21  112.81   86.27  138.60  310.89   45.91   36.11   53.64    3.68  -44.99
   4   10     0.0000   175.0000   51.27274  158.73705     33.000     6.4933  2.31940e+00 -1.35300e+00 -9.66400e-01  3.12950e+00  4.92040e+00 -2.11590e+00   20  250.06   32.97   15.20   77.77  126.11   80.90  130.56  291.34   34.91   32.18   56.32    8.89  -21.03
   4   11     0.0000   200.0000   51.09571  158.51034     33.000     7.6341  2.98110e+00 -1.11760e+00 -1.86350e+00  2.87240e+00  6.30180e+00 -1.88350e+00   20  235.25   25.73   13.74   77.99  118.81   83.28  121.37  287.11   27.14   32.66   56.52    6.57   -5.67
   4   12     0.0000   225.0000   50.91867  158.28364     33.000    10.2837  3.11660e+00 -4.99200e-01 -2.61740e+00  2.92290e+00  9.26190e+00 -1.76320e+00   20  223.86   18.05   10.35   80.66  115.44   85.51  111.95  282.64   18.78   35.51   54.13    4.43   -6.50
   4   13     0.0000   250.0000   50.74163  158.05693     33.000    10.6424  3.81690e+00 -5.43000e-02 -3.76260e+00  1.98550e+00  9.65940e+00 -1.31450e+00   20  204.56   12.00   11.24   79.02  102.33   87.57  104.07  278.93   12.46   33.98   55.92    2.39   -5.94
   4   14     0.0000   275.0000   50.56460  157.83022     33.000     9.4910  4.40180e+00 -6.50000e-02 -4.33680e+00  1.66310e+00  8.16250e+00 -1.28430e+00   20  199.61   11.96   14.41   75.71   97.41   88.10  103.52  279.33   12.43   30.69   59.25    1.84   -5.67
   4   15     0.0000   300.0000   50.38756  157.60352     33.000     6.5123  4.19190e+00  6.09000e-01 -4.80090e+00  1.46780e+00  4.14240e+00 -1.92960e+00   20  195.64   19.20   23.81   66.23   86.74   91.44  108.11  292.01  198.62   21.22   68.74    1.32  -34.35
   4   16     0.0000   325.0000   50.21053  157.37681     33.000     5.5035  3.80530e+00  8.24100e-01 -4.62940e+00  1.99190e+00  1.06200e+00 -2.88220e+00   20  176.65   46.38   41.54   60.20   48.54  120.40  115.06    5.44  210.13   10.24   61.72   26.05  -44.31
   4   17     0.0000   350.0000   50.03349  157.15010     33.000     5.8012  3.76880e+00  1.78300e-01 -3.94710e+00  1.99530e+00 -1.32360e+00 -3.63660e+00   20   60.99  179.57   54.57   56.07  136.77   44.31  299.97   31.15  209.33    0.87   53.56   36.42  -17.55
   4   18     0.0000   375.0000   49.85645  156.92339     33.000     6.2119  3.27010e+00 -1.40200e-01 -3.12990e+00  1.74630e+00 -2.52010e+00 -4.35940e+00   20   70.28  181.26   53.24   64.39  147.35   41.58  303.44   40.68  207.23    6.75   46.79   42.42   -9.70
   4   19     0.0000   400.0000   49.67942  156.69669     33.000     5.2300  2.62410e+00 -5.80600e-01 -2.04350e+00  1.02620e+00 -1.12390e+00 -4.56670e+00   20   78.64  182.62   62.79   64.84  151.45   30.35  310.24   41.28  218.60    1.30   38.60   51.36  -47.89
   4   20     0.0000   425.0000   49.50238  156.46998     33.000     4.6071  1.63310e+00 -6.31700e-01 -1.00140e+00  8.05900e-01 -9.58800e-01 -4.28760e+00   20   85.62  182.09   70.55   72.30  161.19   20.46  313.59   44.19  221.26    1.18   26.77   63.20  -39.43
   4   21     0.0000   450.0000   49.32534  156.24327     33.000     3.4288  7.10300e-01 -5.55500e-01 -1.54800e-01  2.68900e-01 -1.55000e-01 -3.40340e+00   20  181.88   91.45   84.16   85.79    4.24  174.14  136.73   46.59  235.83    1.15    7.12   82.79  -35.84
   4   22     0.0000   475.0000   49.14831  156.01657     33.000     1.9393  2.96500e-01 -4.48000e-01  1.51500e-01  1.02500e-01 -3.35900e-01 -1.87720e+00   20   94.03  185.18   79.10   84.02  173.91   10.96  319.24   49.98  213.45    3.44   11.97   77.53  -23.00
   5    1    22.0000   -50.0000   52.75031  161.02027     26.202     9.7598  1.23000e-01  2.81080e+00 -2.93380e+00  4.03430e+00  7.87300e+00  3.00960e+00   20  114.52  204.72   25.09   89.91   -0.22 -115.09   91.71  317.67  204.76   39.91   39.74   25.09   13.04
   5    2    22.0000   -25.0000   52.57328  160.79356     26.202    16.9492 -2.01300e-01  4.33240e+00 -4.13110e+00  6.55930e+00  1.38237e+01  6.10010e+00   20  110.12  202.33   25.52   88.94   -2.45 -115.50   88.68  315.28  202.83   40.63   38.69   25.50   18.35
   5    3    22.0000     0.0000   52.39624  160.56685     26.202    18.1699 -1.05950e+00  3.23330e+00 -2.17380e+00  6.24580e+00  1.59706e+01  5.37290e+00   20  103.37  200.47   18.81   87.59   -7.50 -108.66   92.03  307.59  201.29   44.36   39.76   18.64   11.98
   5    4    22.0000    25.0000   52.21920  160.34015     26.202    17.4278 -1.74000e-02  1.25320e+00 -1.23580e+00  6.40210e+00  1.56509e+01  4.41310e+00   20  104.13  200.17   13.86   88.51   -6.22 -103.78   96.43  303.26  200.54   44.82   41.92   13.78   22.49
   5    5    22.0000    50.0000   52.04217  160.11344     26.202    14.3679  2.93200e-01  1.41030e+00 -1.70350e+00  5.25370e+00  1.31729e+01  1.68620e+00   20  114.22   21.51    9.20   89.56    2.74   99.19  102.50  300.66  201.44   43.84   44.70    9.19    2.29
   5    6    22.0000    75.0000   51.86513  159.88673     26.202    11.6109 -1.12530e+00  3.59940e+00 -2.47410e+00  4.94250e+00  1.02287e+01 -1.83300e-01   20  118.83  209.75   12.57   89.80   -0.94 -102.57  107.43  311.98  209.80   43.84   43.44   12.57  -37.96
   5    7    22.0000   100.0000   51.68809  159.66003     26.202    10.6245 -2.78410e+00  5.79360e+00 -3.00950e+00  4.60220e+00  8.46560e+00  1.40200e-01   20  117.27  220.82   26.34   83.38  -15.05 -115.55  104.95  332.28  223.97   45.66   33.52   25.37  -44.00
   5    8    22.0000   125.0000   51.51106  159.43332     26.202    11.0998 -3.99480e+00  6.52910e+00 -2.53430e+00  4.59920e+00  8.60920e+00  6.29400e-01   20  112.61  222.18   28.05   79.88  -21.94 -116.30  104.00  333.39  227.15   48.44   29.99   25.86  -41.55
   5    9    22.0000   150.0000   51.33402  159.20661     26.202    11.9532 -2.42620e+00  4.70670e+00 -2.28050e+00  4.83650e+00  1.03766e+01  5.71000e-01   20  109.66  211.51   17.14   86.38  -12.38 -106.76  104.41  316.75  212.60   46.09   39.13   16.73  -39.45
   5   10    22.0000   175.0000   51.15698  158.97990     26.202    14.0317 -1.02790e+00  3.83720e+00 -2.80930e+00  4.15470e+00  1.32055e+01  2.65900e-01   20  114.48   20.42    9.73   89.30    4.12   99.71  100.96  300.11  200.30   43.50   44.87    9.71  -38.41
   5   11    22.0000   200.0000   50.97995  158.75320     26.202    16.9823 -8.85400e-01  4.13440e+00 -3.24900e+00  4.01970e+00  1.63442e+01  3.08100e-01   20  115.99   15.94    7.55   88.68   10.14   97.43   98.73  293.48  195.77   43.21   45.83    7.43  -37.40
   5   12    22.0000   225.0000   50.80291  158.52649     26.202    19.7427  1.38200e-01  3.39070e+00 -3.52890e+00  3.70400e+00  1.92612e+01  2.10100e-01   20  129.44   11.75    5.11   87.62   27.78   94.53   97.41  286.46  191.56   42.45   47.20    4.52  -28.67
   5   13    22.0000   250.0000   50.62587  158.29978     26.202    20.8137  1.00850e+00  3.37260e+00 -4.38110e+00  3.25960e+00  2.03482e+01  1.65400e-01   20  141.41    9.75    5.29   86.48   41.79   93.95   96.03  283.95  189.50   41.35   48.38    3.94  -27.87
   5   14    22.0000   275.0000   50.44884  158.07308     26.202    18.6518  1.80830e+00  2.88390e+00 -4.69220e+00  2.56270e+00  1.81744e+01 -1.90100e-01   20  159.07    8.41    5.65   85.07   60.78   92.77   95.86  281.45  188.17   40.01   49.86    2.76  -27.80
   5   15    22.0000   300.0000   50.27180  157.84637     26.202    15.1078  2.56800e+00  2.37000e+00 -4.93800e+00  2.56360e+00  1.43878e+01 -1.02600e+00   20  181.06   10.25    7.41   82.68   80.89   91.18   99.19  281.61  190.10   37.67   52.30    1.17  -30.56
   5   16    22.0000   325.0000   50.09476  157.61966     26.202    11.5820  2.35740e+00  2.35310e+00 -4.71050e+00  3.11720e+00  1.04865e+01 -2.00190e+00   20  188.54   16.85    9.66   80.44   81.81   91.39  105.65  288.54  196.62   35.43   54.54    1.37  -44.14
   5   17    22.0000   350.0000   49.91773  157.39295     26.202     7.6146  2.27730e+00  1.64260e+00 -3.91990e+00  2.86040e+00  6.01200e+00 -2.80640e+00   20  191.75   26.67   14.86   75.62   75.56   93.78  113.56  301.90  205.73   30.52   59.21    3.67  -61.96
   5   18    22.0000   375.0000   49.74069  157.16625     26.202     6.1228  1.87130e+00  1.15020e+00 -3.02150e+00  2.74370e+00  4.17900e+00 -3.64380e+00   20  187.52   38.81   19.52   73.15   60.20   99.99  120.86  323.29  215.88   27.48   60.63    9.56  -83.20
   5   19    22.0000   400.0000   49.56366  156.93954     26.202     5.2153  1.58840e+00  3.62100e-01 -1.95050e+00  2.13860e+00  3.31400e+00 -3.97310e+00   20  263.95    8.87   37.36   78.88  161.47   54.10  126.15  243.47   16.82   25.19   44.30   35.13  -92.44
   5   20    22.0000   425.0000   49.38662  156.71283     26.202     4.4933  7.85400e-01  1.75500e-01 -9.60900e-01  1.38300e+00  2.39210e+00 -3.78200e+00   20  269.43  176.46   61.74   84.49 -173.74  -28.41  129.27  226.27  346.38   23.75   15.48   61.11  -67.92
   5   21    22.0000   450.0000   49.20958  156.48613     26.202     3.3415  3.13100e-01 -7.41000e-02 -2.39000e-01  9.49900e-01  1.39940e+00 -2.98250e+00   20  271.81  178.03   68.67   80.40 -169.69  -21.65  133.18  226.44  335.24   22.03    8.01   66.41  -49.59
   5   22    22.0000   475.0000   49.03255  156.25942     26.202     1.7017  1.46700e-01 -1.98400e-01  5.17000e-02  5.04700e-01  1.11200e-01 -1.62080e+00   20  181.73  272.24   73.17   88.33   -1.74 -163.17  138.24   45.76  277.73   13.02   10.61   73.09  -22.29
   6    1    44.0000   -50.0000   52.63455  161.26312     19.403     9.5023 -1.99900e-01  1.83390e+00 -1.63400e+00  3.41330e+00  7.21450e+00  5.17270e+00   20  104.17  195.63   33.90   89.02   -1.76 -123.88   76.14  314.43  196.29   36.80   35.09   33.88   39.21
   6    2    44.0000   -25.0000   52.45751  161.03641     19.403    15.7566 -1.68110e+00  3.83600e+00 -2.15490e+00  4.83150e+00  1.18849e+01  8.83760e+00   20  100.78  196.31   34.80   86.17   -6.73 -124.62   75.23  314.66  198.95   38.89   32.23   34.53   31.71
   6    3    44.0000     0.0000   52.28048  160.80971     19.403    19.1381 -2.25100e+00  4.71870e+00 -2.46770e+00  5.34820e+00  1.49686e+01  1.00620e+01   20   99.85  196.56   32.80   85.69   -7.97 -122.55   76.61  313.46  199.30   40.35   32.77   32.45   23.67
   6    4    44.0000    25.0000   52.10344  160.58300     19.403    19.1182 -1.67510e+00  4.00860e+00 -2.33350e+00  4.87220e+00  1.59712e+01  8.72550e+00   20   99.56  195.60   28.49   86.73   -6.86 -118.32   79.02  309.94  197.36   41.43   35.53   28.27   14.74
   6    5    44.0000    50.0000   51.92641  160.35629     19.403    17.5409 -1.98560e+00  4.43390e+00 -2.44830e+00  4.36150e+00  1.54028e+01  6.05730e+00   20  100.09  197.90   23.57   86.61   -8.51 -113.34   85.13  308.52  199.36   43.63   37.32   23.29   -3.57
   6    6    44.0000    75.0000   51.74937  160.12959     19.403    15.5709 -3.67760e+00  6.80730e+00 -3.12970e+00  3.60250e+00  1.34479e+01  4.33780e+00   20  101.44  204.42   26.66   83.57  -14.45 -115.93   88.32  316.20  207.53   45.33   33.55   25.76  -30.67
   6    7    44.0000   100.0000   51.57233  159.90288     19.403    15.3635 -5.12650e+00  9.34000e+00 -4.21350e+00  3.90640e+00  1.24111e+01  3.19190e+00   20  107.57  214.36   33.15   79.32  -19.81 -121.57   91.95  329.02  220.86   46.31   27.45   30.97  -40.70
   6    8    44.0000   125.0000   51.39530  159.67617     19.403    16.5616 -6.22520e+00  1.04082e+01 -4.18300e+00  4.41000e+00  1.30957e+01  3.30430e+00   20  107.29  216.30   33.57   77.80  -22.47 -121.52   93.05  330.61  223.69   47.61   26.09   30.73  -39.48
   6    9    44.0000   150.0000   51.21826  159.44946     19.403    18.5405 -5.28210e+00  9.64900e+00 -4.36690e+00  4.66890e+00  1.63155e+01  2.68970e+00   20  105.08  209.57   25.83   83.09  -16.02 -114.95   94.05  320.52  212.77   46.18   33.46   24.76  -50.49
   6   10    44.0000   175.0000   51.04122  159.22276     19.403    21.3762 -4.80970e+00  8.59150e+00 -3.78180e+00  4.28960e+00  2.00705e+01  2.78280e+00   20   98.87  200.37   17.56   86.39  -12.05 -107.20   92.87  305.99  201.49   45.95   39.02   17.16  -49.75
   6   11    44.0000   200.0000   50.86419  158.99605     19.403    25.6056 -4.06270e+00  7.97430e+00 -3.91160e+00  5.15310e+00  2.45112e+01  2.68490e+00   20   98.88  196.59   12.66   88.27   -7.90 -102.54   93.98  298.51  196.97   45.33   41.96   12.53  -41.68
   6   12    44.0000   225.0000   50.68715  158.76934     19.403    29.1908 -3.33600e+00  7.23450e+00 -3.89850e+00  5.06530e+00  2.84047e+01  2.42210e+00   20   99.00  192.93    9.13   89.37   -3.98  -99.11   93.84  291.84  193.04   44.91   43.66    9.11  -36.37
   6   13    44.0000   250.0000   50.51011  158.54264     19.403    30.2562 -2.28270e+00  6.79360e+00 -4.51090e+00  4.83600e+00  2.96107e+01  2.00520e+00   20  104.44   11.39    7.66   89.59    3.08   97.65   93.85  289.03  191.33   44.09   44.90    7.65  -34.60
   6   14    44.0000   275.0000   50.33308  158.31593     19.403    27.8452 -1.17720e+00  5.93740e+00 -4.76020e+00  3.87640e+00  2.73880e+01  1.28830e+00   20  112.79    9.64    6.27   88.57   13.22   96.11   93.72  285.87  189.49   43.25   46.10    6.11  -34.77
   6   15    44.0000   300.0000   50.15604  158.08922     19.403    24.0652  5.63000e-02  4.83840e+00 -4.89470e+00  3.56030e+00  2.36278e+01  1.72400e-01   20  133.10    9.54    4.96   87.26   33.65   94.13   95.61  283.87  189.35   42.11   47.59    4.12  -34.55
   6   16    44.0000   325.0000   49.97900  157.86252     19.403    18.9906  7.98000e-02  4.55960e+00 -4.63940e+00  4.10240e+00  1.83538e+01 -8.38500e-01   20  143.72   13.81    5.37   86.55   40.03   94.11   99.93  288.18  193.56   41.41   48.29    4.11  -42.02
   6   17    44.0000   350.0000   49.80197  157.63581     19.403    14.0154  2.78000e-01  3.51140e+00 -3.78940e+00  4.05760e+00  1.32165e+01 -1.74650e+00   20  164.82   18.06    5.38   85.50   56.88   92.94  105.32  291.26  197.83   40.43   49.42    2.93  -48.36
   6   18    44.0000   375.0000   49.62493  157.40910     19.403    10.6782  7.00000e-02  2.76660e+00 -2.83660e+00  3.55070e+00  9.86310e+00 -2.72910e+00   20  222.64   18.72    5.87   84.63  113.81   87.62  110.90  286.08   18.94   39.58   50.32    2.37  -61.21
   6   19    44.0000   400.0000   49.44789  157.18239     19.403     8.3528  3.46900e-01  1.45840e+00 -1.80530e+00  2.95840e+00  7.43840e+00 -3.20110e+00   20  259.91   16.20   13.42   83.97  153.07   77.99  116.94  273.07   17.48   37.84   49.65   11.94  -62.99
   6   20    44.0000   425.0000   49.27086  156.95569     19.403     6.1918  1.28900e-01  7.73300e-01 -9.02200e-01  1.78730e+00  5.29380e+00 -3.13520e+00   20  271.17    6.79   26.93   87.16  173.71   63.21  120.15  251.51    8.22   36.54   41.72   26.75  -58.86
   6   21    44.0000   450.0000   49.09382  156.72898     19.403     3.8827 -1.84400e-01  4.38700e-01 -2.54300e-01  1.39160e+00  2.91830e+00 -2.50490e+00   20  275.72  180.90   41.97   85.67 -173.52  -48.21  126.20  238.58  357.04   35.39   28.19   41.64  -66.49
   6   22    44.0000   475.0000   48.91678  156.50227     19.403     1.7649 -2.60900e-01  2.34800e-01  2.61000e-02  7.50000e-01  8.75900e-01 -1.38100e+00   20  273.24  173.02   65.58   68.66 -156.45  -26.35  132.35  223.68  316.73   33.34    2.01   56.58  -49.25
   7    1    66.0000   -50.0000   52.51879  161.50597     12.605     9.6822 -2.94700e-01  5.96800e-01 -3.02100e-01  3.18900e+00  6.78810e+00  6.63760e+00   20   97.82    6.47   43.16   88.73    1.85  133.15   62.52  311.28  185.28   30.01   32.10   43.13   53.92
   7    2    66.0000   -25.0000   52.34175  161.27927     12.605    15.6711 -1.85980e+00  2.52180e+00 -6.62000e-01  4.12300e+00  1.01915e+01  1.14646e+01   20   96.54  188.38   46.40   88.07   -2.66 -136.37   61.82  313.67  190.40   30.76   27.63   46.34   45.01
   7    3    66.0000     0.0000   52.16472  161.05256     12.605    19.9932 -2.89130e+00  4.90100e+00 -2.00970e+00  4.09150e+00  1.43093e+01  1.28512e+01   20   97.09  192.74   40.69   85.16   -7.44 -130.45   67.91  314.19  196.86   36.58   28.46   40.27   24.55
   7    4    66.0000    25.0000   51.98768  160.82585     12.605    21.1000 -3.35860e+00  5.45420e+00 -2.09560e+00  3.95960e+00  1.62990e+01  1.19473e+01   20   96.44  194.28   35.90   84.36   -9.64 -125.51   71.87  312.66  198.28   39.96   30.22   35.32   13.27
   7    5    66.0000    50.0000   51.81064  160.59915     12.605    21.2645 -3.67330e+00  6.53370e+00 -2.86040e+00  4.07630e+00  1.74086e+01  1.00170e+01   20   97.59  197.08   31.61   84.21  -11.11 -121.13   77.44  312.64  200.57   42.34   32.06   30.95   -1.53
   7    6    66.0000    75.0000   51.63361  160.37244     12.605    19.4615 -5.09630e+00  8.69130e+00 -3.59500e+00  3.77080e+00  1.55722e+01  8.16690e+00   20   99.48  203.09   33.25   81.23  -16.15 -122.20   81.29  318.59  208.58   44.36   28.91   31.78  -15.62
   7    7    66.0000   100.0000   51.45657  160.14573     12.605    19.1203 -6.57870e+00  1.12608e+01 -4.68210e+00  4.30450e+00  1.47316e+01  6.26330e+00   20  103.97  211.21   35.35   78.13  -20.83 -123.54   86.82  326.88  218.98   46.24   25.55   32.73  -25.76
   7    8    66.0000   125.0000   51.27953  159.91902     12.605    19.5966 -7.50240e+00  1.28643e+01 -5.36190e+00  3.24760e+00  1.51862e+01  5.57550e+00   20  105.63  214.00   38.74   75.82  -23.05 -126.43   86.44  330.97  224.25   46.45   22.23   35.15  -39.06
   7    9    66.0000   150.0000   51.10250  159.69232     12.605    22.4217 -7.34800e+00  1.25652e+01 -5.21720e+00  3.17280e+00  1.97744e+01  4.78930e+00   20  101.73  207.81   30.54   80.72  -18.50 -119.22   87.83  321.22  212.97   46.31   29.67   28.80  -56.53
   7   10    66.0000   175.0000   50.92546  159.46561     12.605    26.6832 -7.02190e+00  1.14083e+01 -4.38640e+00  4.25920e+00  2.47903e+01  4.93740e+00   20   96.41  200.27   20.96   84.76  -14.80 -110.32   89.38  308.07  202.21   46.46   36.56   20.23  -50.42
   7   11    66.0000   200.0000   50.74843  159.23890     12.605    31.6804 -6.53520e+00  1.06840e+01 -4.14880e+00  6.15260e+00  2.98435e+01  5.08710e+00   20   95.59  197.92   16.24   86.44  -12.83 -105.86   91.69  302.41  198.93   46.29   39.42   15.83  -40.28
   7   12    66.0000   225.0000   50.57139  159.01220     12.605    35.8729 -5.70170e+00  9.80890e+00 -4.10720e+00  6.69060e+00  3.44592e+01  4.45420e+00   20   95.01  194.96   12.12   87.88  -10.17 -101.93   92.85  296.25  195.41   45.85   41.69   11.92  -36.09
   7   13    66.0000   250.0000   50.39435  158.78549     12.605    36.6117 -5.02120e+00  9.55150e+00 -4.53030e+00  6.20180e+00  3.55559e+01  3.52930e+00   20   96.14  193.19   10.04   88.75   -7.16  -99.96   93.16  292.81  193.41   45.37   42.92    9.96  -37.57
   7   14    66.0000   275.0000   50.21732  158.55878     12.605    33.9415 -3.91810e+00  8.62220e+00 -4.70410e+00  5.03910e+00  3.32445e+01  2.49910e+00   20   98.65  191.36    8.29   89.60   -2.74  -98.28   93.11  289.51  191.42   44.80   44.01    8.28  -39.17
   7   15    66.0000   300.0000   50.04028  158.33208     12.605    30.2802 -2.92040e+00  7.76520e+00 -4.84480e+00  4.96580e+00  2.96611e+01  1.29460e+00   20  104.62   11.85    7.05   89.66    2.79   97.04   94.90  288.88  191.81   44.23   44.91    7.04  -40.74
   7   16    66.0000   325.0000   49.86324  158.10537     12.605    25.0263 -2.05520e+00  6.54090e+00 -4.48570e+00  5.17690e+00  2.43310e+01  1.95700e-01   20  112.21   14.15    6.42   89.10    8.11   96.36   97.93  290.57  194.05   43.75   45.55    6.36  -42.16
   7   17    66.0000   350.0000   49.68621  157.87866     12.605    19.1868 -1.54660e+00  5.11840e+00 -3.57180e+00  4.58130e+00  1.85603e+01 -9.13700e-01   20  123.21   15.44    4.50   88.62   17.82   94.28  101.27  289.82  195.34   43.47   46.21    4.28  -46.22
   7   18    66.0000   375.0000   49.50917  157.65195     12.605    14.5762 -1.44120e+00  4.04050e+00 -2.59930e+00  3.86110e+00  1.40304e+01 -1.93000e+00   20  188.46   15.48    1.66   88.35   82.98   90.20  105.28  285.69  195.47   43.35   46.65    0.20  -54.11
   7   19    66.0000   400.0000   49.33213  157.42525     12.605    10.3378 -9.17900e-01  2.53630e+00 -1.61840e+00  3.27790e+00  9.72440e+00 -2.52450e+00   20  263.95   15.85    6.19   87.68  157.98   84.25  111.36  279.89   16.09   42.41   47.02    5.74  -59.42
   7   20    66.0000   425.0000   49.15510  157.19854     12.605     7.6532 -8.16600e-01  1.63890e+00 -8.22300e-01  2.29010e+00  7.09020e+00 -2.58500e+00   20  276.20   10.31   14.93   88.90  175.74   75.11  114.48  265.64   10.61   42.04   44.17   14.89  -60.78
   7   21    66.0000   450.0000   48.97806  156.97183     12.605     4.4173 -8.89300e-01  1.12730e+00 -2.38000e-01  1.67930e+00  3.79560e+00 -2.11260e+00   20  280.78  183.14   29.09   85.77 -171.26  -61.20  120.46  248.73    0.81   42.08   34.45   28.72  -76.15
   7   22    66.0000   475.0000   48.80102  156.74513     12.605     2.0600 -6.55000e-01  6.50200e-01  4.80000e-03  1.13990e+00  1.34350e+00 -1.19430e+00   20  161.75  269.18   56.97   65.27  -29.93 -143.12  128.59   33.78  298.33   42.94    5.14   46.60  -76.54
   8    1    88.0000   -50.0000   52.40303  161.74883      5.807     9.6643  3.66700e-01 -4.22200e-01  5.55000e-02  3.02450e+00  6.51400e+00  6.95930e+00   20   95.64    0.22   48.79   83.85    8.18  138.50   55.11  309.27  173.32   22.96   32.79   48.13   53.82
   8    2    88.0000   -25.0000   52.22599  161.52212      5.807    15.6391 -1.83830e+00  2.45330e+00 -6.15000e-01  3.35690e+00  8.49840e+00  1.28847e+01   20   95.36    5.18   55.98   89.74    0.32  145.98   55.60  314.91  184.79   23.10   23.51   55.98   41.46
   8    3    88.0000     0.0000   52.04896  161.29541      5.807    21.0416 -3.59470e+00  5.61230e+00 -2.01760e+00  3.33910e+00  1.35926e+01  1.51105e+01   20   96.18  191.47   46.80   84.40   -7.70 -136.54   63.44  315.81  197.35   33.58   24.52   46.25   24.66
   8    4    88.0000    25.0000   51.87192  161.06871      5.807    23.4831 -3.23570e+00  5.50420e+00 -2.26850e+00  3.68370e+00  1.73341e+01  1.47288e+01   20   95.97  191.78   39.93   85.16   -7.56 -129.68   67.34  312.81  195.78   37.01   28.85   39.51   14.89
   8    5    88.0000    50.0000   51.69488  160.84200      5.807    23.4689 -3.94830e+00  7.24860e+00 -3.30030e+00  4.29060e+00  1.83296e+01  1.25353e+01   20   97.78  196.20   35.38   84.07  -10.28 -124.94   74.01  314.15  200.33   40.51   30.23   34.73    4.77
   8    6    88.0000    75.0000   51.51785  160.61529      5.807    21.5513 -5.98230e+00  9.60070e+00 -3.61840e+00  3.94440e+00  1.63698e+01  1.05209e+01   20   98.55  202.29   36.30   80.10  -16.88 -125.10   78.04  319.35  209.18   43.74   26.64   34.50   -5.67
   8    7    88.0000   100.0000   51.34081  160.38859      5.807    20.8968 -6.38910e+00  1.08046e+01 -4.41550e+00  3.80080e+00  1.63165e+01  8.45310e+00   20  100.71  205.99   35.47   79.36  -18.55 -124.04   81.99  322.23  213.10   44.94   26.44   33.38  -20.90
   8    8    88.0000   125.0000   51.16377  160.16188      5.807    20.9017 -7.53760e+00  1.28405e+01 -5.30290e+00  2.32270e+00  1.64229e+01  7.24770e+00   20  102.64  209.89   39.19   76.41  -21.83 -127.12   82.32  327.39  219.97   45.57   22.45   35.92  -39.42
   8    9    88.0000   150.0000   50.98674  159.93517      5.807    24.6526 -7.74220e+00  1.30771e+01 -5.33490e+00  3.31980e+00  2.14307e+01  6.61400e+00   20  100.18  205.85   30.91   80.81  -18.11 -119.65   85.61  319.57  211.05   46.02   29.59   29.23  -49.28
   8   10    88.0000   175.0000   50.80970  159.70846      5.807    30.1954 -7.72710e+00  1.23845e+01 -4.65740e+00  5.25540e+00  2.78095e+01  6.15710e+00   20   96.42  200.46   21.30   84.60  -15.02 -110.63   89.24  308.47  202.49   46.50   36.32   20.54  -45.26
   8   11    88.0000   200.0000   50.63266  159.48176      5.807    35.0403 -7.70080e+00  1.18777e+01 -4.17690e+00  6.23450e+00  3.29659e+01  6.26190e+00   20   94.00  197.38   17.01   85.95  -13.97 -106.54   90.36  302.34  198.58   46.56   38.77   16.49  -40.18
   8   12    88.0000   225.0000   50.45563  159.25505      5.807    38.9919 -7.45300e+00  1.15911e+01 -4.13810e+00  7.16460e+00  3.72189e+01  5.52780e+00   20   93.18  195.78   13.66   86.97  -12.95 -103.32   92.10  298.15  196.50   46.43   40.52   13.30  -38.01
   8   13    88.0000   250.0000   50.27859  159.02834      5.807    40.1411 -6.37310e+00  1.08501e+01 -4.47700e+00  6.80550e+00  3.88558e+01  4.38590e+00   20   93.81  193.66   10.92   88.11  -10.03 -100.76   92.73  293.92  194.02   45.86   42.14   10.75  -37.98
   8   14    88.0000   275.0000   50.10156  158.80164      5.807    37.4829 -5.40080e+00  9.87910e+00 -4.47830e+00  5.45670e+00  3.66769e+01  3.06330e+00   20   94.05  191.55    8.78   88.84   -7.59  -98.71   92.77  289.99  191.73   45.49   43.20    8.70  -40.26
   8   15    88.0000   300.0000   49.92452  158.57493      5.807    33.2811 -4.44860e+00  9.16260e+00 -4.71400e+00  5.18110e+00  3.26042e+01  1.83600e+00   20   97.82  191.91    7.79   89.44   -4.13  -97.77   94.14  289.54  191.99   45.03   43.92    7.77  -43.16
   8   16    88.0000   325.0000   49.74748  158.34822      5.807    28.5657 -3.29550e+00  7.63790e+00 -4.34240e+00  5.23710e+00  2.79131e+01  7.36900e-01   20  102.92  193.00    6.61   89.99   -0.08  -96.61   96.43  289.56  193.00   44.63   44.61    6.61  -42.80
   8   17    88.0000   350.0000   49.57045  158.12151      5.807    22.4034 -2.76350e+00  6.18730e+00 -3.42380e+00  4.54710e+00  2.18755e+01 -4.57400e-01   20  105.84   13.53    4.55   89.82    2.32   94.55   99.01  288.08  193.52   44.64   45.00    4.55  -46.72
   8   18    88.0000   375.0000   49.39341  157.89481      5.807    16.7647 -2.28370e+00  4.74290e+00 -2.45920e+00  3.91670e+00  1.62958e+01 -1.51050e+00   20  121.51   14.07    1.31   89.61   17.45   91.25  102.83  285.32  194.06   44.59   45.38    1.25  -52.21
   8   19    88.0000   400.0000   49.21637  157.66810      5.807    11.3368 -1.87960e+00  3.39360e+00 -1.51400e+00  3.52620e+00  1.07667e+01 -2.15840e+00   20  273.07   16.99    2.17   89.48  166.07   87.89  109.07  284.86   17.01   44.44   45.48    2.11  -62.38
   8   20    88.0000   425.0000   49.03934  157.44139      5.807     8.1176 -1.59470e+00  2.37380e+00 -7.79100e-01  2.48090e+00  7.63800e+00 -2.28570e+00   20  283.57  191.50   10.61   89.61 -177.89  -79.39  112.00  271.14   11.43   44.41   43.65   10.61  -67.74
   8   21    88.0000   450.0000   48.86230  157.21469      5.807     4.5362 -1.31900e+00  1.54570e+00 -2.26700e-01  1.68430e+00  4.01740e+00 -1.88700e+00   20  283.50  181.85   26.34   84.29 -167.04  -64.24  117.49  250.01  359.10   44.75   34.28   25.62  -81.57
   8   22    88.0000   475.0000   48.68526  156.98798      5.807     2.2840 -8.36100e-01  8.23400e-01  1.27000e-02  1.03900e+00  1.86830e+00 -1.08150e+00   20  279.47  171.24   42.74   73.88 -155.85  -49.87  121.98  232.45  338.06   45.70   18.85   38.26  -87.08
