160.04886    53.21336     53.40      49.6     77.1     86.9     1.248    160.04886    53.21336    
160.29172    53.09760     46.60      43.3     77.9     88.1     2.321    160.29172    53.09760    
160.53456    52.98183     39.80      39.4     83.3     91.3     2.962    160.53456    52.98183    
160.77742    52.86607     33.00      219.4    87.4     -96.1    3.039    160.77742    52.86607    
161.02028    52.75031     26.20      222.2    82.0     -99.6    3.374    161.02028    52.75031    
161.26312    52.63455     19.40      220.9    77.1     -94.9    3.433    161.26312    52.63455    
161.50598    52.51879     12.60      223.4    77.5     -88.1    3.572    161.50598    52.51879    
161.74884    52.40303     5.81       237.0    82.9     -70.8    3.433    161.74884    52.40303    
159.82216    53.03632     53.40      46.9     75.8     86.3     1.917    159.82216    53.03632    
160.06500    52.92056     46.60      45.3     77.4     84.0     3.332    160.06500    52.92056    
160.30786    52.80480     39.80      47.8     85.9     87.2     4.255    160.30786    52.80480    
160.55070    52.68904     33.00      223.6    87.0     -92.7    5.320    160.55070    52.68904    
160.79356    52.57328     26.20      219.0    81.3     -99.6    5.722    160.79356    52.57328    
161.03642    52.45752     19.40      217.5    75.8     -97.2    5.680    161.03642    52.45752    
161.27927    52.34175     12.60      219.6    74.9     -92.5    5.575    161.27927    52.34175    
161.52213    52.22599     5.81       242.8    79.6     -63.9    5.195    161.52213    52.22599    
159.59544    52.85928     53.40      53.4     68.2     94.8     1.815    159.59544    52.85928    
159.83830    52.74352     46.60      44.9     71.2     86.3     2.900    159.83830    52.74352    
160.08115    52.62776     39.80      40.2     84.2     88.0     4.312    160.08115    52.62776    
160.32401    52.51200     33.00      218.6    87.9     -91.3    6.317    160.32401    52.51200    
160.56686    52.39624     26.20      217.2    78.9     -94.6    6.003    160.56686    52.39624    
160.80971    52.28048     19.40      214.0    76.1     -100.2   6.559    160.80971    52.28048    
161.05257    52.16472     12.60      210.1    76.0     -104.4   6.511    161.05257    52.16472    
161.29543    52.04896     5.81       85.0     25.8     -32.0    6.523    161.29543    52.04896    
159.36874    52.68225     53.40      62.1     59.2     105.8    2.187    159.36874    52.68225    
159.61159    52.56649     46.60      59.1     64.5     103.5    2.929    159.61159    52.56649    
159.85445    52.45073     39.80      35.8     79.3     83.4     3.650    159.85445    52.45073    
160.09731    52.33496     33.00      218.1    88.4     -87.2    4.648    160.09731    52.33496    
160.34015    52.21920     26.20      214.1    80.2     -94.8    5.276    160.34015    52.21920    
160.58301    52.10344     19.40      210.8    77.6     -102.2   5.897    160.58301    52.10344    
160.82585    51.98768     12.60      207.2    77.3     -106.5   6.398    160.82585    51.98768    
161.06871    51.87192     5.81       89.1     25.4     -25.1    6.861    161.06871    51.87192    
159.14203    52.50521     53.40      71.5     52.8     125.8    2.173    159.14203    52.50521    
159.38489    52.38945     46.60      70.6     56.7     121.4    2.765    159.38489    52.38945    
159.62773    52.27369     39.80      44.7     67.7     83.5     2.642    159.62773    52.27369    
159.87059    52.15793     33.00      218.9    89.9     -87.8    2.869    159.87059    52.15793    
160.11345    52.04217     26.20      214.3    79.9     -94.4    3.824    160.11345    52.04217    
160.35629    51.92641     19.40      209.3    78.3     -103.3   4.817    160.35629    51.92641    
160.59915    51.81065     12.60      207.0    78.6     -108.2   5.743    160.59915    51.81065    
160.84201    51.69489     5.81       204.5    80.7     -112.1   6.193    160.84201    51.69489    
158.91533    52.32817     53.40      85.4     57.0     144.9    1.780    158.91533    52.32817    
159.15817    52.21241     46.60      85.3     59.6     143.0    2.257    159.15817    52.21241    
159.40103    52.09665     39.80      86.2     74.1     148.8    1.867    159.40103    52.09665    
159.64389    51.98089     33.00      256.3    74.9     -125.0   1.616    159.64389    51.98089    
159.88673    51.86513     26.20      220.6    76.1     -99.8    2.724    159.88673    51.86513    
160.12959    51.74937     19.40      212.3    74.3     -107.4   3.669    160.12959    51.74937    
160.37245    51.63361     12.60      209.3    77.4     -111.1   4.409    160.37245    51.63361    
160.61530    51.51785     5.81       208.2    78.8     -112.4   4.783    160.61530    51.51785    
158.68861    52.15114     53.40      85.1     47.5     147.5    1.618    158.68861    52.15114    
158.93147    52.03538     46.60      86.9     53.3     148.3    2.304    158.93147    52.03538    
159.17432    51.91962     39.80      85.1     60.6     153.7    1.860    159.17432    51.91962    
159.41718    51.80386     33.00      276.4    67.2     -113.8   0.991    159.41718    51.80386    
159.66003    51.68810     26.20      235.4    66.6     -101.0   2.090    159.66003    51.68810    
159.90288    51.57233     19.40      222.0    70.1     -109.9   2.925    159.90288    51.57233    
160.14574    51.45657     12.60      217.3    74.9     -112.2   3.512    160.14574    51.45657    
160.38860    51.34081     5.81       209.6    80.8     -115.5   3.656    160.38860    51.34081    
158.46191    51.97410     53.40      86.5     46.9     141.5    1.524    158.46191    51.97410    
158.70476    51.85834     46.60      91.0     53.4     143.5    2.206    158.70476    51.85834    
158.94762    51.74258     39.80      89.8     55.8     150.2    1.714    158.94762    51.74258    
159.19048    51.62682     33.00      279.3    74.1     -95.6    1.053    159.19048    51.62682    
159.43332    51.51106     26.20      242.1    64.6     -88.8    2.255    159.43332    51.51106    
159.67618    51.39530     19.40      228.7    68.2     -103.2   3.054    159.67618    51.39530    
159.91904    51.27954     12.60      221.7    71.0     -113.2   3.281    159.91904    51.27954    
160.16188    51.16378     5.81       215.6    75.4     -118.5   3.144    160.16188    51.16378    
158.23520    51.79707     53.40      95.2     42.9     141.6    1.610    158.23520    51.79707    
158.47806    51.68130     46.60      95.1     48.5     141.0    2.283    158.47806    51.68130    
158.72092    51.56554     39.80      96.9     54.4     143.0    1.586    158.72092    51.56554    
158.96376    51.44978     33.00      295.5    82.5     -104.5   0.923    158.96376    51.44978    
159.20662    51.33402     26.20      244.3    71.3     -86.2    2.113    159.20662    51.33402    
159.44946    51.21826     19.40      228.7    72.3     -102.1   3.314    159.44946    51.21826    
159.69232    51.10250     12.60      220.6    73.3     -109.2   3.907    159.69232    51.10250    
159.93518    50.98674     5.81       218.0    75.5     -109.8   4.227    159.93518    50.98674    
158.00850    51.62003     53.40      93.0     43.4     133.0    1.411    158.00850    51.62003    
158.25134    51.50427     46.60      84.7     45.0     129.4    1.963    158.25134    51.50427    
158.49420    51.38851     39.80      86.5     51.4     133.2    1.652    158.49420    51.38851    
158.73706    51.27275     33.00      84.7     81.5     110.6    1.056    158.73706    51.27275    
158.97990    51.15699     26.20      237.2    79.1     -94.4    2.262    158.97990    51.15699    
159.22276    51.04123     19.40      225.5    73.9     -98.8    3.791    159.22276    51.04123    
159.46562    50.92546     12.60      221.7    74.1     -100.9   4.939    159.46562    50.92546    
159.70847    50.80970     5.81       220.9    75.8     -100.6   5.706    159.70847    50.80970    
157.78178    51.44299     53.40      68.1     40.3     111.4    1.478    157.78178    51.44299    
158.02464    51.32723     46.60      59.4     41.9     106.3    2.361    158.02464    51.32723    
158.26750    51.21147     39.80      60.1     50.7     108.6    1.956    158.26750    51.21147    
158.51035    51.09571     33.00      59.5     76.2     104.8    1.625    158.51035    51.09571    
158.75320    50.97995     26.20      228.7    81.9     -97.2    3.021    158.75320    50.97995    
158.99606    50.86419     19.40      225.0    77.1     -96.6    4.861    158.99606    50.86419    
159.23891    50.74843     12.60      224.7    75.2     -95.3    6.213    159.23891    50.74843    
159.48177    50.63267     5.81       223.0    74.9     -95.9    6.867    159.48177    50.63267    
157.55508    51.26595     53.40      220.2    48.9     86.7     2.257    157.55508    51.26595    
157.79794    51.15019     46.60      44.9     45.2     95.2     3.119    157.79794    51.15019    
158.04079    51.03443     39.80      45.8     56.5     98.9     2.634    158.04079    51.03443    
158.28365    50.91867     33.00      41.9     78.6     98.2     2.552    158.28365    50.91867    
158.52649    50.80291     26.20      220.5    85.6     -98.9    3.729    158.52649    50.80291    
158.76935    50.68715     19.40      220.8    78.7     -97.3    5.734    158.76935    50.68715    
159.01221    50.57139     12.60      222.2    76.0     -95.6    7.251    159.01221    50.57139    
159.25505    50.45563     5.81       222.6    74.5     -95.0    7.935    159.25505    50.45563    
157.32837    51.08892     53.40      216.8    46.0     89.2     2.341    157.32837    51.08892    
157.57123    50.97316     46.60      37.7     48.6     92.5     3.423    157.57123    50.97316    
157.81409    50.85740     39.80      34.8     56.1     93.1     3.153    157.81409    50.85740    
158.05693    50.74163     33.00      32.2     73.1     98.1     2.980    158.05693    50.74163    
158.29979    50.62587     26.20      215.0    89.9     -101.9   3.971    158.29979    50.62587    
158.54265    50.51011     19.40      218.2    79.8     -99.9    5.811    158.54265    50.51011    
158.78549    50.39435     12.60      220.1    75.6     -98.0    7.303    158.78549    50.39435    
159.02835    50.27859     5.81       220.3    74.3     -97.4    8.000    159.02835    50.27859    
157.10167    50.91188     53.40      214.2    45.6     91.2     1.927    157.10167    50.91188    
157.34453    50.79612     46.60      32.6     47.6     91.3     2.993    157.34453    50.79612    
157.58737    50.68036     39.80      28.6     56.6     90.3     2.938    157.58737    50.68036    
157.83023    50.56460     33.00      26.0     70.2     95.5     2.934    157.83023    50.56460    
158.07309    50.44884     26.20      30.8     87.0     103.0    3.528    158.07309    50.44884    
158.31593    50.33308     19.40      215.6    80.5     -103.0   5.064    158.31593    50.33308    
158.55879    50.21732     12.60      217.7    74.6     -101.2   6.462    158.55879    50.21732    
158.80164    50.10155     5.81       217.3    73.2     -100.7   7.060    158.80164    50.10155    
156.87495    50.73484     53.40      207.9    52.5     90.0     1.610    156.87495    50.73484    
157.11781    50.61908     46.60      211.2    50.2     96.4     2.271    157.11781    50.61908    
157.36067    50.50332     39.80      209.8    38.4     97.0     2.426    157.36067    50.50332    
157.60352    50.38756     33.00      23.7     67.0     94.3     2.466    157.60352    50.38756    
157.84637    50.27180     26.20      29.0     81.4     101.5    3.091    157.84637    50.27180    
158.08923    50.15604     19.40      212.4    85.6     -104.4   4.086    158.08923    50.15604    
158.33208    50.04028     12.60      215.8    76.3     -103.6   5.528    158.33208    50.04028    
158.57494    49.92452     5.81       216.3    72.9     -103.1   6.158    158.57494    49.92452    
156.64825    50.55781     53.40      220.3    66.9     103.1    1.368    156.64825    50.55781    
156.89111    50.44205     46.60      222.3    61.9     110.5    1.608    156.89111    50.44205    
157.13396    50.32629     39.80      222.6    42.8     117.3    1.690    157.13396    50.32629    
157.37682    50.21053     33.00      25.1     66.4     93.1     2.116    157.37682    50.21053    
157.61967    50.09476     26.20      32.9     80.9     102.0    2.808    157.61967    50.09476    
157.86252    49.97900     19.40      214.8    86.9     -104.3   3.498    157.86252    49.97900    
158.10538    49.86324     12.60      215.6    80.2     -103.6   4.427    158.10538    49.86324    
158.34824    49.74748     5.81       214.9    77.1     -103.8   4.837    158.34824    49.74748    
156.42155    50.38077     53.40      231.2    67.5     113.8    1.098    156.42155    50.38077    
156.66440    50.26501     46.60      237.3    64.1     127.1    1.464    156.66440    50.26501    
156.90726    50.14925     39.80      240.5    51.2     139.3    1.525    156.90726    50.14925    
157.15010    50.03349     33.00      238.3    31.3     136.6    1.614    157.15010    50.03349    
157.39296    49.91773     26.20      31.6     79.7     99.2     1.986    157.39296    49.91773    
157.63582    49.80197     19.40      216.1    87.3     -103.3   2.656    157.63582    49.80197    
157.87866    49.68621     12.60      215.0    82.5     -101.9   3.384    157.87866    49.68621    
158.12152    49.57045     5.81       214.4    78.4     -102.2   3.841    158.12152    49.57045    
156.19484    50.20374     53.40      236.2    63.7     113.4    1.235    156.19484    50.20374    
156.43770    50.08797     46.60      242.7    63.5     125.5    1.667    156.43770    50.08797    
156.68054    49.97221     39.80      252.8    67.4     151.8    1.385    156.68054    49.97221    
156.92340    49.85645     33.00      258.2    58.8     173.8    1.342    156.92340    49.85645    
157.16626    49.74069     26.20      26.1     78.1     85.3     1.757    157.16626    49.74069    
157.40910    49.62493     19.40      217.5    87.9     -99.5    2.067    157.40910    49.62493    
157.65196    49.50917     12.60      216.8    81.7     -98.9    2.584    157.65196    49.50917    
157.89482    49.39341     5.81       216.7    77.8     -99.0    2.880    157.89482    49.39341    
155.96814    50.02670     53.40      248.9    70.7     125.8    0.912    155.96814    50.02670    
156.21098    49.91094     46.60      251.0    68.4     133.3    1.393    156.21098    49.91094    
156.45384    49.79518     39.80      258.7    77.5     148.1    1.353    156.45384    49.79518    
156.69670    49.67942     33.00      262.3    73.3     165.8    1.258    156.69670    49.67942    
156.93954    49.56366     26.20      267.5    59.4     -173.0   1.229    156.93954    49.56366    
157.18240    49.44790     19.40      28.9     86.6     83.4     1.481    157.18240    49.44790    
157.42525    49.33213     12.60      219.7    83.0     -94.3    1.725    157.42525    49.33213    
157.66811    49.21637     5.81       221.3    76.7     -94.8    2.002    157.66811    49.21637    
155.74142    49.84966     53.40      244.3    63.3     117.2    0.945    155.74142    49.84966    
155.98428    49.73390     46.60      251.4    69.3     125.8    1.427    155.98428    49.73390    
156.22713    49.61814     39.80      265.5    84.6     150.5    1.313    156.22713    49.61814    
156.46999    49.50238     33.00      268.7    88.0     163.5    1.198    156.46999    49.50238    
156.71284    49.38662     26.20      269.7    80.2     -178.3   0.847    156.71284    49.38662    
156.95569    49.27086     19.40      280.2    55.6     -147.3   0.804    156.95569    49.27086    
157.19855    49.15510     12.60      311.6    36.8     -133.9   1.072    157.19855    49.15510    
157.44141    49.03934     5.81       225.1    68.4     -88.7    1.405    157.44141    49.03934    
155.51472    49.67263     53.40      236.1    62.6     101.7    0.782    155.51472    49.67263    
155.75757    49.55687     46.60      260.2    75.1     134.0    1.104    155.75757    49.55687    
156.00043    49.44110     39.80      93.6     86.2     -158.0   0.989    156.00043    49.44110    
156.24329    49.32534     33.00      96.0     77.8     -162.9   0.863    156.24329    49.32534    
156.48613    49.20958     26.20      95.2     79.6     -173.4   0.652    156.48613    49.20958    
156.72899    49.09382     19.40      293.3    58.0     -130.6   0.568    156.72899    49.09382    
156.97183    48.97806     12.60      319.9    46.6     -114.3   0.825    156.97183    48.97806    
157.21469    48.86230     5.81       216.4    56.9     -79.7    1.089    157.21469    48.86230    
155.28801    49.49559     53.40      264.1    72.9     140.4    0.349    155.28801    49.49559    
155.53087    49.37983     46.60      94.2     86.5     -154.5   0.581    155.53087    49.37983    
155.77373    49.26407     39.80      99.9     73.4     -157.8   0.592    155.77373    49.26407    
156.01657    49.14831     33.00      100.8    69.5     -160.7   0.499    156.01657    49.14831    
156.25943    49.03255     26.20      100.2    65.7     -165.6   0.388    156.25943    49.03255    
156.50227    48.91679     19.40      137.0    36.0     -102.0   0.336    156.50227    48.91679    
156.74513    48.80103     12.60      316.6    54.8     -109.5   0.417    156.74513    48.80103    
156.98799    48.68526     5.81       194.3    51.2     -71.6    0.528    156.98799    48.68526    
