160.04886    53.21336     53.40      3.74328      -2.57145     -1.17183     5.64604      4.96381      -1.57760     17    160.04886    53.21336    
160.29172    53.09760     46.60      1.66573      -0.91904     -0.74669     2.06372      2.26806      -0.26473     19    160.29172    53.09760    
160.53456    52.98183     39.80      0.99690      -0.44929     -0.54761     1.91969      2.29677      0.08629      20    160.53456    52.98183    
160.77742    52.86607     33.00      0.03768      0.24807      -0.28575     2.59315      2.98503      0.84900      20    160.77742    52.86607    
161.02028    52.75031     26.20      -0.19390     0.27513      -0.08123     0.83850      0.85141      0.42605      21    161.02028    52.75031    
161.26312    52.63455     19.40      -0.34407     0.20143      0.14264      0.91205      0.97855      0.79249      21    161.26312    52.63455    
161.50598    52.51879     12.60      -0.37498     0.02041      0.35457      1.41875      1.56197      1.40794      21    161.50598    52.51879    
161.74884    52.40303     5.81       -0.04917     -0.14816     0.19733      0.89730      0.96403      0.85704      21    161.74884    52.40303    
159.82216    53.03632     53.40      4.17033      -2.71656     -1.45376     5.27103      5.17129      -1.68583     18    159.82216    53.03632    
160.06500    52.92056     46.60      0.51323      -0.36867     -0.14456     0.68743      0.73296      -0.17544     21    160.06500    52.92056    
160.30786    52.80480     39.80      0.64810      -0.42961     -0.21849     1.92445      1.80899      0.22434      22    160.30786    52.80480    
160.55070    52.68904     33.00      0.01907      0.02864      -0.04771     0.72969      0.74344      0.24906      24    160.55070    52.68904    
160.79356    52.57328     26.20      -0.65684     0.73041      -0.07357     2.60995      2.91093      1.63810      24    160.79356    52.57328    
161.03642    52.45752     19.40      -0.99915     0.49474      0.50441      1.97665      2.34875      1.90552      24    161.03642    52.45752    
161.27927    52.34175     12.60      -0.56103     0.11205      0.44899      1.32955      1.52662      1.51631      24    161.27927    52.34175    
161.52213    52.22599     5.81       -1.12238     -0.02335     1.14573      3.59377      3.80127      4.43866      23    161.52213    52.22599    
159.59544    52.85928     53.40      3.35119      -2.04661     -1.30458     3.37201      2.47115      -2.99683     18    159.59544    52.85928    
159.83830    52.74352     46.60      1.32359      -0.82183     -0.50176     1.37751      1.40274      -1.05436     20    159.83830    52.74352    
160.08115    52.62776     39.80      0.88840      -0.55720     -0.33121     2.04158      2.47398      0.00770      22    160.08115    52.62776    
160.32401    52.51200     33.00      0.09503      -0.11571     0.02067      2.06993      2.56324      0.63844      25    160.32401    52.51200    
160.56686    52.39624     26.20      -0.29317     0.12806      0.16511      0.62876      0.80829      0.40941      25    160.56686    52.39624    
160.80971    52.28048     19.40      -2.21519     1.08515      1.13004      3.86444      5.12452      3.85526      25    160.80971    52.28048    
161.05257    52.16472     12.60      -1.66288     0.68095      0.98193      3.10034      4.17683      3.72181      25    161.05257    52.16472    
161.29543    52.04896     5.81       -1.65636     0.66122      0.99513      3.05112      4.12154      4.26954      25    161.29543    52.04896    
159.36874    52.68225     53.40      1.52956      -0.97910     -0.55046     0.86554      0.34490      -1.38476     19    159.36874    52.68225    
159.61159    52.56649     46.60      1.60030      -0.97078     -0.62952     1.36186      0.83943      -1.79032     20    159.61159    52.56649    
159.85445    52.45073     39.80      1.09728      -0.66886     -0.42842     1.78661      2.52787      -0.85784     21    159.85445    52.45073    
160.09731    52.33496     33.00      -0.00096     -0.07637     0.07733      0.63802      0.82596      0.09974      23    160.09731    52.33496    
160.34015    52.21920     26.20      -2.20572     0.80866      1.39706      4.85171      7.02563      2.85584      23    160.34015    52.21920    
160.58301    52.10344     19.40      -2.13896     1.08360      1.05536      3.73467      5.60749      3.59873      24    160.58301    52.10344    
160.82585    51.98768     12.60      -1.13587     0.50014      0.63573      1.96978      3.05237      2.33858      25    160.82585    51.98768    
161.06871    51.87192     5.81       -0.44194     0.20636      0.23558      0.93954      1.49144      1.24742      26    161.06871    51.87192    
159.14203    52.50521     53.40      1.37652      -0.79295     -0.58357     0.30240      -0.17079     -1.61059     19    159.14203    52.50521    
159.38489    52.38945     46.60      1.04704      -0.65610     -0.39095     0.41192      0.03243      -1.21463     20    159.38489    52.38945    
159.62773    52.27369     39.80      0.46159      -0.35238     -0.10921     0.49412      0.46212      -0.65284     20    159.62773    52.27369    
159.87059    52.15793     33.00      -0.14295     0.02923      0.11372      1.41895      1.73419      -0.21503     20    159.87059    52.15793    
160.11345    52.04217     26.20      -1.95673     0.95249      1.00424      3.17710      4.74073      1.34971      21    160.11345    52.04217    
160.35629    51.92641     19.40      -0.57794     0.35417      0.22376      0.83109      1.43200      0.74292      23    160.35629    51.92641    
160.59915    51.81065     12.60      -1.21268     0.82755      0.38512      2.00380      3.35724      2.22408      24    160.59915    51.81065    
160.84201    51.69489     5.81       -0.42594     0.36364      0.06230      0.95697      1.57245      1.10890      25    160.84201    51.69489    
158.91533    52.32817     53.40      2.96242      -2.29619     -0.66623     0.70320      -1.43593     -4.20556     18    158.91533    52.32817    
159.15817    52.21241     46.60      1.53279      -1.21014     -0.32265     0.58728      -0.65305     -2.16377     19    159.15817    52.21241    
159.40103    52.09665     39.80      3.13257      -2.09034     -1.04222     2.24534      0.17791      -6.12816     18    159.40103    52.09665    
159.64389    51.98089     33.00      -1.15510     0.95293      0.20217      1.67502      1.89532      -1.15249     18    159.64389    51.98089    
159.88673    51.86513     26.20      -0.69918     0.53189      0.16729      0.70171      0.96253      0.22794      20    159.88673    51.86513    
160.12959    51.74937     19.40      -1.67790     1.33637      0.34153      1.39439      2.54410      1.41864      21    160.12959    51.74937    
160.37245    51.63361     12.60      -1.51273     1.42533      0.08739      1.94713      3.25364      2.17449      22    160.37245    51.63361    
160.61530    51.51785     5.81       -0.44583     0.45495      -0.00912     0.74665      1.16437      0.83401      23    160.61530    51.51785    
158.68861    52.15114     53.40      1.62477      -1.25000     -0.37477     0.10640      -1.54337     -2.10473     18    158.68861    52.15114    
158.93147    52.03538     46.60      1.62638      -1.37981     -0.24658     0.53301      -1.56610     -2.28884     19    158.93147    52.03538    
159.17432    51.91962     39.80      2.94765      -1.79911     -1.14854     1.39224      -2.49786     -5.75800     18    159.17432    51.91962    
159.41718    51.80386     33.00      -2.31750     1.84200      0.47550      2.27510      0.40713      -1.40909     17    159.41718    51.80386    
159.66003    51.68810     26.20      -1.12774     0.98358      0.14416      0.76876      0.69430      0.37040      19    159.66003    51.68810    
159.90288    51.57233     19.40      -1.57634     1.58908      -0.01274     1.14259      1.60708      1.04490      20    159.90288    51.57233    
160.14574    51.45657     12.60      -0.84171     1.00186      -0.16014     0.97762      1.29997      0.90664      21    160.14574    51.45657    
160.38860    51.34081     5.81       -0.80843     1.23500      -0.42658     1.54044      2.41306      1.52214      21    160.38860    51.34081    
158.46191    51.97410     53.40      1.32499      -1.17690     -0.14809     -0.03100     -0.93605     -1.49244     18    158.46191    51.97410    
158.70476    51.85834     46.60      1.29495      -1.34418     0.04923      0.39792      -1.13065     -1.42658     19    158.70476    51.85834    
158.94762    51.74258     39.80      1.77926      -1.82861     0.04935      1.03460      -2.29837     -2.79258     18    158.94762    51.74258    
159.19048    51.62682     33.00      -2.77255     1.39421      1.37834      3.48360      -0.27877     -0.35777     17    159.19048    51.62682    
159.43332    51.51106     26.20      -2.08938     1.59960      0.48978      1.51773      0.77701      0.90595      19    159.43332    51.51106    
159.67618    51.39530     19.40      -2.57665     2.49904      0.07761      2.12282      2.08039      1.72823      20    159.67618    51.39530    
159.91904    51.27954     12.60      -4.76114     5.66283      -0.90169     4.11161      5.13665      4.04168      20    159.91904    51.27954    
160.16188    51.16378     5.81       -2.31489     3.24871      -0.93382     2.43119      3.62476      2.58417      20    160.16188    51.16378    
158.23520    51.79707     53.40      1.76514      -2.10122     0.33608      -0.45080     -1.42682     -1.57093     18    158.23520    51.79707    
158.47806    51.68130     46.60      1.85781      -2.14145     0.28364      0.11396      -1.58272     -1.51529     19    158.47806    51.68130    
158.72092    51.56554     39.80      1.41062      -1.70386     0.29323      0.60859      -1.68746     -1.22873     18    158.72092    51.56554    
158.96376    51.44978     33.00      -0.89627     -0.08631     0.98258      2.38552      -0.81868     -0.34872     17    158.96376    51.44978    
159.20662    51.33402     26.20      -0.95931     0.75095      0.20836      1.19150      0.54438      0.51069      19    159.20662    51.33402    
159.44946    51.21826     19.40      -0.52934     0.53539      -0.00604     0.60443      0.56479      0.36422      21    159.44946    51.21826    
159.69232    51.10250     12.60      -3.89395     4.16594      -0.27198     3.84756      5.04926      3.07512      21    159.69232    51.10250    
159.93518    50.98674     5.81       -0.98147     1.11568      -0.13421     1.19860      1.58840      0.97832      22    159.93518    50.98674    
158.00850    51.62003     53.40      1.05809      -1.15636     0.09827      -0.12366     -0.68150     -0.66843     18    158.00850    51.62003    
158.25134    51.50427     46.60      7.53116      -6.77698     -0.75418     0.25722      -4.18392     -5.31887     18    158.25134    51.50427    
158.49420    51.38851     39.80      2.40880      -2.14240     -0.26640     0.69816      -1.49910     -1.85375     18    158.49420    51.38851    
158.73706    51.27275     33.00      1.30162      -0.70808     -0.59354     3.87733      -0.06003     -1.50575     17    158.73706    51.27275    
158.97990    51.15699     26.20      -0.86773     0.93303      -0.06530     2.14591      1.38855      0.58584      19    158.97990    51.15699    
159.22276    51.04123     19.40      -2.53864     2.14480      0.39384      3.17195      3.23241      1.90944      21    159.22276    51.04123    
159.46562    50.92546     12.60      -1.29867     1.07848      0.22019      1.54963      1.80076      1.07442      23    159.46562    50.92546    
159.70847    50.80970     5.81       -1.60565     1.35672      0.24893      2.25982      2.63560      1.48617      24    159.70847    50.80970    
157.78178    51.44299     53.40      1.68169      -1.15784     -0.52385     -0.07746     -0.57031     -0.93351     18    157.78178    51.44299    
158.02464    51.32723     46.60      3.66106      -2.09399     -1.56707     0.03750      -0.88472     -2.07302     19    158.02464    51.32723    
158.26750    51.21147     39.80      8.90531      -4.66449     -4.24082     2.49637      -0.76758     -5.14216     18    158.26750    51.21147    
158.51035    51.09571     33.00      1.49421      -0.33816     -1.15605     2.41032      1.07788      -0.77197     18    158.51035    51.09571    
158.75320    50.97995     26.20      -0.85610     1.01514      -0.15904     2.72447      2.38509      0.76227      20    158.75320    50.97995    
158.99606    50.86419     19.40      -0.81265     0.65961      0.15304      1.37053      1.38683      0.66693      23    158.99606    50.86419    
159.23891    50.74843     12.60      -0.97729     0.69938      0.27791      1.40466      1.43423      0.82940      25    159.23891    50.74843    
159.48177    50.63267     5.81       -0.94692     0.64863      0.29829      1.29602      1.40414      0.82092      26    159.48177    50.63267    
157.55508    51.26595     53.40      2.71346      -1.25298     -1.46048     -0.15677     -0.34928     -1.31954     19    157.55508    51.26595    
157.79794    51.15019     46.60      5.26543      -2.26061     -3.00481     0.26352      -0.20470     -2.76819     20    157.79794    51.15019    
158.04079    51.03443     39.80      0.90834      -0.33625     -0.57209     0.33655      0.20906      -0.46164     20    158.04079    51.03443    
158.28365    50.91867     33.00      3.15381      -0.43111     -2.72269     4.84465      4.90412      -0.94091     19    158.28365    50.91867    
158.52649    50.80291     26.20      -0.46498     0.81212      -0.34714     2.80915      3.22397      0.72843      21    158.52649    50.80291    
158.76935    50.68715     19.40      -1.46655     1.12024      0.34631      2.64563      3.10328      1.26695      24    158.76935    50.68715    
159.01221    50.57139     12.60      -3.39664     2.26362      1.13302      4.93038      5.49918      2.81898      26    159.01221    50.57139    
159.25505    50.45563     5.81       -4.01376     2.53202      1.48174      5.09529      5.63132      3.20592      27    159.25505    50.45563    
157.32837    51.08892     53.40      3.67543      -1.37217     -2.30327     -0.04247     -0.12056     -1.70351     19    157.32837    51.08892    
157.57123    50.97316     46.60      1.53626      -0.53843     -0.99783     0.15393      0.12317      -0.68873     21    157.57123    50.97316    
157.81409    50.85740     39.80      5.67957      -1.68474     -3.99483     1.45387      1.74862      -2.37283     20    157.81409    50.85740    
158.05693    50.74163     33.00      1.88384      -0.19191     -1.69193     1.58745      2.22364      -0.55264     20    158.05693    50.74163    
158.29979    50.62587     26.20      0.02371      0.16826      -0.19197     0.58555      0.80180      0.11736      22    158.29979    50.62587    
158.54265    50.51011     19.40      -1.74811     1.53065      0.21745      3.28611      4.24438      1.57729      24    158.54265    50.51011    
158.78549    50.39435     12.60      -0.43170     0.30053      0.13117      0.55060      0.67463      0.33539      27    158.78549    50.39435    
159.02835    50.27859     5.81       -0.52022     0.34149      0.17873      0.59826      0.73187      0.39468      28    159.02835    50.27859    
157.10167    50.91188     53.40      8.91687      -2.86411     -6.05276     -0.21764     -0.07094     -3.69913     18    157.10167    50.91188    
157.34453    50.79612     46.60      3.51721      -1.02489     -2.49232     0.21653      0.23696      -1.45387     20    157.34453    50.79612    
157.58737    50.68036     39.80      2.66883      -0.64203     -2.02680     0.54867      0.98593      -1.05115     20    157.58737    50.68036    
157.83023    50.56460     33.00      1.77742      -0.12260     -1.65482     1.02981      1.91159      -0.56879     20    157.83023    50.56460    
158.07309    50.44884     26.20      0.22140      0.37863      -0.60002     1.11227      1.82092      0.13386      21    158.07309    50.44884    
158.31593    50.33308     19.40      -1.30437     1.31107      -0.00670     2.30010      3.36119      1.14061      23    158.31593    50.33308    
158.55879    50.21732     12.60      -2.59379     1.90693      0.68686      2.70050      3.78671      1.87622      25    158.55879    50.21732    
158.80164    50.10155     5.81       -2.22971     1.50869      0.72102      2.03861      2.93290      1.56121      26    158.80164    50.10155    
156.87495    50.73484     53.40      2.74985      -0.52146     -2.22839     -0.35296     -0.66836     -1.25268     18    156.87495    50.73484    
157.11781    50.61908     46.60      2.70899      -0.41754     -2.29145     -0.42282     -0.34674     -1.22724     19    157.11781    50.61908    
157.36067    50.50332     39.80      4.47770      -0.49789     -3.97981     0.19698      1.17272      -2.10708     19    157.36067    50.50332    
157.60352    50.38756     33.00      3.57021      0.30719      -3.87740     1.61873      3.50364      -1.64166     19    157.60352    50.38756    
157.84637    50.27180     26.20      1.17919      0.80702      -1.98621     2.19011      3.96313      -0.38292     20    157.84637    50.27180    
158.08923    50.15604     19.40      -0.24490     0.42801      -0.18311     0.73654      1.24698      0.22691      22    158.08923    50.15604    
158.33208    50.04028     12.60      -0.96912     0.79782      0.17129      1.01659      1.60039      0.65039      24    158.33208    50.04028    
158.57494    49.92452     5.81       -1.04047     0.75462      0.28585      0.83153      1.32684      0.66443      25    158.57494    49.92452    
156.64825    50.55781     53.40      0.78431      -0.00856     -0.77575     -0.57456     -0.60868     -0.54098     18    156.64825    50.55781    
156.89111    50.44205     46.60      1.89172      0.26287      -2.15459     -1.01970     -0.96899     -1.51480     18    156.89111    50.44205    
157.13396    50.32629     39.80      2.80590      0.51226      -3.31816     -0.21317     0.80656      -2.13203     18    157.13396    50.32629    
157.37682    50.21053     33.00      0.91673      0.24867      -1.16540     0.45859      0.99036      -0.69790     19    157.37682    50.21053    
157.61967    50.09476     26.20      0.39410      0.37575      -0.76985     0.86400      1.42597      -0.32836     20    157.61967    50.09476    
157.86252    49.97900     19.40      -0.28758     0.61075      -0.32317     1.00680      1.62120      0.12865      21    157.86252    49.97900    
158.10538    49.86324     12.60      -1.67277     1.68607      -0.01330     2.40325      3.80566      0.98942      22    158.10538    49.86324    
158.34824    49.74748     5.81       -0.87432     0.73930      0.13503      0.90856      1.52116      0.52594      23    158.34824    49.74748    
156.42155    50.38077     53.40      2.70493      0.17605      -2.88098     -2.33951     -1.85901     -2.82450     17    156.42155    50.38077    
156.66440    50.26501     46.60      1.04457      0.15114      -1.19572     -0.69811     -0.28295     -1.12110     18    156.66440    50.26501    
156.90726    50.14925     39.80      1.34408      0.27298      -1.61707     -0.26806     0.50221      -1.46987     18    156.90726    50.14925    
157.15010    50.03349     33.00      1.26675      0.64575      -1.91250     0.52694      1.69116      -1.66470     18    157.15010    50.03349    
157.39296    49.91773     26.20      0.16869      0.28420      -0.45289     0.43269      0.82657      -0.33626     19    157.39296    49.91773    
157.63582    49.80197     19.40      -0.18700     0.35497      -0.16797     0.54206      0.88476      -0.02451     20    157.63582    49.80197    
157.87866    49.68621     12.60      -0.40654     0.43650      -0.02995     0.65125      1.07956      0.13773      21    157.87866    49.68621    
158.12152    49.57045     5.81       -2.76036     2.30752      0.45284      2.89057      5.05492      1.19494      21    158.12152    49.57045    
156.19484    50.20374     53.40      4.93671      -1.01408     -3.92263     -3.53601     -2.08514     -5.17525     17    156.19484    50.20374    
156.43770    50.08797     46.60      2.14204      -0.26312     -1.87892     -1.43337     -0.46012     -2.50207     18    156.43770    50.08797    
156.68054    49.97221     39.80      0.61324      0.13615      -0.74939     -0.34616     0.14258      -1.08744     18    156.68054    49.97221    
156.92340    49.85645     33.00      0.34267      0.24011      -0.58278     0.10219      0.54416      -0.87928     18    156.92340    49.85645    
157.16626    49.74069     26.20      0.62290      0.97590      -1.59881     1.94613      3.50824      -2.32790     18    157.16626    49.74069    
157.40910    49.62493     19.40      -0.31835     0.44842      -0.13008     0.71084      1.13238      -0.23539     19    157.40910    49.62493    
157.65196    49.50917     12.60      -3.23128     2.82799      0.40328      4.20353      6.63787      0.12479      19    157.65196    49.50917    
157.89482    49.39341     5.81       -1.14054     0.84550      0.29504      1.10649      1.77315      0.24218      20    157.89482    49.39341    
155.96814    50.02670     53.40      1.27836      -0.27220     -1.00616     -1.48181     -0.43904     -1.75782     17    155.96814    50.02670    
156.21098    49.91094     46.60      0.70940      -0.13542     -0.57398     -0.59905     -0.14126     -1.04802     18    156.21098    49.91094    
156.45384    49.79518     39.80      0.42562      0.00458      -0.43020     -0.48250     -0.08433     -1.00960     18    156.45384    49.79518    
156.69670    49.67942     33.00      2.70220      0.27461      -2.97681     -1.19111     1.54140      -7.93004     17    156.69670    49.67942    
156.93954    49.56366     26.20      0.88153      0.98924      -1.87078     2.07204      4.28588      -5.99513     17    156.93954    49.56366    
157.18240    49.44790     19.40      -0.25425     0.38214      -0.12789     0.92940      1.37465      -0.78355     18    157.18240    49.44790    
157.42525    49.33213     12.60      -1.78230     1.30324      0.47906      2.37546      3.20390      -0.64302     18    157.42525    49.33213    
157.66811    49.21637     5.81       -0.64785     0.40253      0.24532      0.59893      0.77435      0.01219      19    157.66811    49.21637    
155.74142    49.84966     53.40      1.77745      -0.74513     -1.03233     -1.26896     -0.54189     -2.08248     17    155.74142    49.84966    
155.98428    49.73390     46.60      0.75763      -0.33124     -0.42640     -0.72589     -0.33309     -1.15667     18    155.98428    49.73390    
156.22713    49.61814     39.80      0.33226      -0.13989     -0.19236     -0.42521     -0.19802     -0.89004     18    156.22713    49.61814    
156.46999    49.50238     33.00      1.82165      -0.78588     -1.03577     -1.82860     -0.59779     -6.58389     17    156.46999    49.50238    
156.71284    49.38662     26.20      -0.23077     0.14474      0.08603      -0.00006     0.34670      -2.05395     17    156.71284    49.38662    
156.95569    49.27086     19.40      -0.84522     0.43265      0.41257      0.64283      0.89145      -1.22901     17    156.95569    49.27086    
157.19855    49.15510     12.60      -3.36854     1.64676      1.72178      2.26987      2.46693      -0.99783     17    157.19855    49.15510    
157.44141    49.03934     5.81       -1.21221     0.58538      0.62683      0.71346      0.66997      0.01564      18    157.44141    49.03934    
155.51472    49.67263     53.40      0.91941      -0.53747     -0.38194     -0.68916     -0.51612     -1.18854     17    155.51472    49.67263    
155.75757    49.55687     46.60      2.08384      -1.45008     -0.63376     -2.26135     -1.32765     -3.94253     17    155.75757    49.55687    
156.00043    49.44110     39.80      0.60716      -0.70389     0.09673      -1.35110     -0.62549     -2.99953     17    156.00043    49.44110    
156.24329    49.32534     33.00      -0.08730     -0.25871     0.34601      -0.70803     -0.46515     -2.02051     17    156.24329    49.32534    
156.48613    49.20958     26.20      -0.29743     -0.01957     0.31700      -0.05250     -0.13587     -1.01102     17    156.48613    49.20958    
156.72899    49.09382     19.40      -5.23798     1.23471      4.00327      2.45553      0.53216      -5.90470     16    156.72899    49.09382    
156.97183    48.97806     12.60      -1.94660     0.73219      1.21441      0.79189      0.40306      -0.27576     17    156.97183    48.97806    
157.21469    48.86230     5.81       -5.01869     2.03173      2.98696      1.80986      0.91494      0.33246      17    157.21469    48.86230    
155.28801    49.49559     53.40      1.79997      -1.39160     -0.40837     -1.23942     -0.70427     -3.05786     16    155.28801    49.49559    
155.53087    49.37983     46.60      2.39472      -2.50809     0.11337      -3.74665     -2.42525     -6.62777     16    155.53087    49.37983    
155.77373    49.26407     39.80      -0.07432     -1.66301     1.73733      -4.06372     -2.80162     -6.93203     16    155.77373    49.26407    
156.01657    49.14831     33.00      -1.07599     -0.84975     1.92573      -2.13762     -1.88710     -5.34955     16    156.01657    49.14831    
156.25943    49.03255     26.20      -1.32440     -0.36093     1.68533      -0.52005     -1.34952     -3.72521     16    156.25943    49.03255    
156.50227    48.91679     19.40      -2.36152     0.21913      2.14240      0.50900      -0.96354     -2.54814     16    156.50227    48.91679    
156.74513    48.80103     12.60      -4.57722     1.28953      3.28768      2.06293      -0.19895     -1.21417     16    156.74513    48.80103    
156.98799    48.68526     5.81       -7.22102     2.41838      4.80264      2.65860      0.89831      -0.15133     16    156.98799    48.68526    
