   1    1   -66.0000   -50.0000   53.21336  160.04885     53.395     4.0435  1.80939e+00 -1.24296e+00 -5.66428e-01  2.72913e+00  2.39936e+00 -7.62566e-01   20  243.27   49.58   13.29   77.07  103.33   86.88  142.18  315.44   50.28   32.00   57.82    3.04    4.81
   1    2   -66.0000   -25.0000   53.03632  159.82215     53.395     6.2050  3.07733e+00 -2.00458e+00 -1.07275e+00  3.88955e+00  3.81595e+00 -1.24399e+00   20  241.72   46.85   14.67   75.80  104.41   86.27  139.92  311.73   47.77   30.71   59.04    3.61    8.48
   1    3   -66.0000     0.0000   52.85928  159.59544     53.395     5.7694  3.32942e+00 -2.03332e+00 -1.29611e+00  3.35011e+00  2.45510e+00 -2.97736e+00   20  220.74   53.38   22.33   68.16   78.28   94.77  139.72  331.86  231.60   23.02   66.51    4.43  -40.67
   1    4   -66.0000    25.0000   52.68225  159.36873     53.395     6.8984  5.06073e+00 -3.23947e+00 -1.82126e+00  2.86375e+00  1.14113e+00 -4.58167e+00   20  213.19   62.09   34.26   59.19   65.48  105.79  140.71    8.71  233.85   12.84   71.19   13.51  -47.64
   1    5   -66.0000    50.0000   52.50521  159.14203     53.395     6.6697  4.75779e+00 -2.74074e+00 -2.01705e+00  1.04521e+00 -5.90330e-01 -5.56680e+00   20  201.45   71.49   49.80   52.76   52.40  125.84  137.03   43.94  227.89    1.63   62.16   27.78  -65.17
   1    6   -66.0000    75.0000   52.32817  158.91532     53.395     5.6241  3.25773e+00 -2.52509e+00 -7.32642e-01  7.73304e-01 -1.57907e+00 -4.62480e+00   20   85.40  196.36   57.01   61.15  144.88   38.44  320.03   52.68  227.66    2.51   46.57   43.32  -46.16
   1    7   -66.0000   100.0000   52.15114  158.68861     53.395     5.2212  2.83973e+00 -2.18471e+00 -6.55019e-01  1.85966e-01 -2.69745e+00 -3.67859e+00   20   85.07  198.39   47.47   66.66  147.47   47.41  317.61   61.18  218.40   11.41   49.31   38.41  -19.77
   1    8   -66.0000   125.0000   51.97410  158.46190     53.395     4.8752  3.02125e+00 -2.68358e+00 -3.37668e-01 -7.06899e-02 -2.13439e+00 -3.40308e+00   20   86.45  204.99   46.95   62.92  141.46   50.06  322.37   65.12  225.85    9.25   53.57   34.86  -33.57
   1    9   -66.0000   150.0000   51.79706  158.23520     53.395     5.1787  3.15312e+00 -3.75347e+00  6.00350e-01 -8.05278e-01 -2.54876e+00 -2.80619e+00   20   95.21  215.33   42.90   65.00  141.62   53.93  330.59   79.13  232.44   12.66   54.77   32.25  -26.31
   1   10   -66.0000   175.0000   51.62003  158.00849     53.395     4.5675  3.29225e+00 -3.59801e+00  3.05764e-01 -3.84769e-01 -2.12049e+00 -2.07982e+00   20   93.04  220.94   43.40   59.84  133.02   57.16  333.79   80.17  238.90    9.12   60.34   27.96  -10.48
   1   11   -66.0000   200.0000   51.44299  157.78178     53.395     4.7869  4.35204e+00 -2.99637e+00 -1.35567e+00 -2.00466e-01 -1.47589e+00 -2.41583e+00   20   68.06  220.88   40.31   52.96  111.38   72.81  323.02   77.88  231.44    6.50   74.83   13.64   -4.63
   1   12   -66.0000   225.0000   51.26595  157.55508     53.395     7.3087  7.28277e+00 -3.36293e+00 -3.91984e+00 -4.20766e-01 -9.37456e-01 -3.54156e+00   20   45.26  220.23   41.22   48.89   93.78   86.69  312.58   99.46  222.41    3.84   85.42    2.49    2.80
   1   13   -66.0000   250.0000   51.08892  157.32837     53.395     7.5805  7.65268e+00 -2.85701e+00 -4.79567e+00 -8.84192e-02 -2.51026e-01 -3.54690e+00   20   37.96  216.75   44.05   45.96   90.87   89.16  307.35   95.18  217.34    0.96   88.87    0.60    3.92
   1   14   -66.0000   275.0000   50.91188  157.10166     53.395     6.2346  6.38835e+00 -2.05195e+00 -4.33641e+00 -1.55924e-01 -5.08260e-02 -2.65018e+00   20   32.47  214.22   44.42   45.60   88.75   91.22  303.35  179.41   33.36    0.59   88.95    0.87    9.70
   1   15   -66.0000   300.0000   50.73484  156.87496     53.395     5.2128  4.90944e+00 -9.30982e-01 -3.97846e+00 -6.30160e-01 -1.19326e+00 -2.23648e+00   20   27.87  207.86   37.50   52.50   90.01   89.99  297.87  117.81  207.86    7.50   82.50    0.01   -9.42
   1   16   -66.0000   325.0000   50.55781  156.64825     53.395     4.3820  2.74685e+00 -2.99660e-02 -2.71689e+00 -2.01225e+00 -2.13176e+00 -1.89465e+00   20    9.59  220.32   26.43   66.86   61.98  103.14  300.41  153.27   35.08   20.81   65.65   12.07  -32.49
   1   17   -66.0000   350.0000   50.38077  156.42154     53.395     3.4449  1.93436e+00  1.25899e-01 -2.06026e+00 -1.67304e+00 -1.32942e+00 -2.01987e+00   20    2.16  231.22   32.34   67.46   45.76  113.84  303.62  176.41   41.61   19.05   60.27   21.92  -51.56
   1   18   -66.0000   375.0000   50.20373  156.19483     53.395     3.8751  2.46933e+00 -5.07240e-01 -1.96209e+00 -1.76871e+00 -1.04298e+00 -2.58865e+00   20   11.90  236.21   34.65   63.68   51.23  113.40  309.26  185.27   45.35   15.56   63.53   20.86  -51.84
   1   19   -66.0000   400.0000   50.02670  155.96813     53.395     2.9026  1.44376e+00 -3.07422e-01 -1.13634e+00 -1.67353e+00 -4.95841e-01 -1.98526e+00   20    3.56  248.88   40.02   70.68   30.97  125.76  313.14  199.76   55.48   17.91   50.85   33.46  -38.98
   1   20   -66.0000   425.0000   49.84966  155.74142     53.395     2.9401  1.85296e+00 -7.76778e-01 -1.07618e+00 -1.32286e+00 -5.64904e-01 -2.17094e+00   20   15.47  244.26   37.35   63.31   47.77  117.15  314.82  197.01   51.29   14.15   61.61   24.06  -57.49
   1   21   -66.0000   450.0000   49.67263  155.51471     53.395     2.3535  1.39362e+00 -8.14685e-01 -5.78935e-01 -1.04461e+00 -7.82325e-01 -1.80156e+00   20   31.87  236.10   29.59   62.63   68.62  101.69  317.49  170.94   50.67   16.85   70.05   10.37  -74.77
   1   22   -66.0000   475.0000   49.49559  155.28801     53.395     1.0170  5.43276e-01 -4.20020e-01 -1.23256e-01 -3.74089e-01 -2.12567e-01 -9.22938e-01   20    7.73  264.09   52.46   72.94   21.72  140.40  320.11  219.15   64.57   12.91   39.67   47.44  -87.78
   2    1   -44.0000   -50.0000   53.09759  160.29171     46.597     7.4382  3.68359e+00 -2.03237e+00 -1.65122e+00  4.56371e+00  5.01558e+00 -5.85420e-01   20  232.16   43.25   12.25   77.89   98.71   88.12  134.84  310.80   43.65   32.86   57.07    1.84   31.49
   2    2   -44.0000   -25.0000   52.92056  160.06500     46.597    10.7743  4.95446e+00 -3.55894e+00 -1.39551e+00  6.63602e+00  7.07556e+00 -1.69357e+00   20  250.79   45.31   13.94   77.37  114.82   84.05  140.27  307.52   46.61   32.11   57.24    5.81   14.06
   2    3   -44.0000     0.0000   52.74352  159.83829     46.597     9.3080  4.94809e+00 -3.07232e+00 -1.87578e+00  5.14967e+00  5.24399e+00 -3.94162e+00   20  236.13   44.94   19.18   71.16  100.59   86.34  137.81  309.10   46.12   26.07   63.66    3.46  -29.37
   2    4   -44.0000    25.0000   52.56649  159.61159     46.597     9.0778  5.46743e+00 -3.31668e+00 -2.15075e+00  4.65280e+00  2.86791e+00 -6.11665e+00   20  209.97   59.09   28.59   64.54   63.93  103.47  139.09  354.75  233.22   18.48   67.64   12.14  -59.82
   2    5   -44.0000    50.0000   52.38945  159.38488     46.597     8.4970  5.94901e+00 -3.72775e+00 -2.22126e+00  2.34040e+00  1.84282e-01 -6.90121e+00   20  202.52   70.58   44.50   56.71   51.55  121.42  138.79   35.40  232.04    6.67   63.19   25.84  -64.65
   2    6   -44.0000    75.0000   52.21241  159.15817     46.597     7.1722  4.11595e+00 -3.24955e+00 -8.66403e-01  1.57701e+00 -1.75362e+00 -5.81030e+00   20  196.16   85.27   58.69   59.61   36.30  142.96  140.91   50.32  231.44    0.56   46.48   43.52  -40.96
   2    7   -44.0000   100.0000   52.03538  158.93147     46.597     7.4634  3.78616e+00 -3.21214e+00 -5.74020e-01  1.24083e+00 -3.64582e+00 -5.32833e+00   20   86.94  197.17   53.35   65.08  148.31   41.17  319.61   57.07  222.90    7.13   46.06   43.05   -4.15
   2    8   -44.0000   125.0000   51.85834  158.70476     46.597     7.1446  4.05214e+00 -4.20620e+00  1.54063e-01  1.24516e+00 -3.53801e+00 -4.46403e+00   20   91.01  204.85   53.41   61.43  143.45   42.74  326.26   61.87  232.21    4.78   49.43   40.17    4.54
   2    9   -44.0000   150.0000   51.68130  158.47805     46.597     7.3942  4.61225e+00 -5.31642e+00  7.04178e-01  2.82911e-01 -3.92931e+00 -3.76190e+00   20   95.13  213.30   48.51   61.91  141.05   48.67  331.41   71.97  235.79    7.79   53.27   35.63    3.85
   2   10   -44.0000   175.0000   51.50427  158.25134     46.597     6.3539  4.85107e+00 -4.36528e+00 -4.85795e-01  1.65685e-01 -2.69500e+00 -3.42606e+00   20   84.65  215.35   45.02   56.88  129.41   57.57  327.79   70.41  234.50    6.51   62.41   26.68   -9.05
   2   11   -44.0000   200.0000   51.32723  158.02464     46.597     7.6430  7.18068e+00 -4.10707e+00 -3.07360e+00  7.35503e-02 -1.73525e+00 -4.06594e+00   20   59.41  217.97   41.85   50.18  106.31   75.88  317.93   69.06  227.12    4.24   78.38   10.80   -6.45
   2   12   -44.0000   225.0000   51.15019  157.79793     46.597    10.1002  9.93127e+00 -4.26381e+00 -5.66747e+00  4.97024e-01 -3.86085e-01 -5.22116e+00   20  217.46   44.88   45.02   45.22   84.74   95.24  131.18   39.58  221.19    0.10   86.28    3.72   -5.11
   2   13   -44.0000   250.0000   50.97316  157.57122     46.597    11.0821  1.11457e+01 -3.90634e+00 -7.23937e+00  1.11675e+00  8.93585e-01 -4.99679e+00   20  213.89   37.69   41.46   48.60   87.15   92.52  125.91  333.80  216.02    3.57   85.96    1.89    5.66
   2   14   -44.0000   275.0000   50.79612  157.34452     46.597     9.6902  9.83287e+00 -2.86524e+00 -6.96763e+00  6.05332e-01  6.62464e-01 -4.06450e+00   20  210.67   32.56   42.40   47.62   88.61   91.27  121.66  321.45  211.70    2.61   87.23    0.94    7.42
   2   15   -44.0000   300.0000   50.61908  157.11781     46.597     7.3468  6.96577e+00 -1.07364e+00 -5.89213e+00 -1.08723e+00 -8.91587e-01 -3.15567e+00   20   21.28  211.22   40.18   50.25   82.37   96.40  296.68  161.11   27.12    5.05   82.94    4.91  -11.57
   2   16   -44.0000   325.0000   50.44205  156.89110     46.597     5.0484  3.39734e+00  4.72082e-01 -3.86942e+00 -1.83127e+00 -1.74022e+00 -2.72043e+00   20    3.88  222.26   34.25   61.91   56.79  110.45  297.47  170.64   32.30   14.57   66.56   17.95  -51.43
   2   17   -44.0000   350.0000   50.26501  156.66439     46.597     4.6072  2.81483e+00  4.07286e-01 -3.22211e+00 -1.88120e+00 -7.62476e-01 -3.02105e+00   20  357.33  237.26   44.14   64.08   38.89  127.06  301.49  194.85   38.99   11.44   54.75   32.82  -49.17
   2   18   -44.0000   375.0000   50.08797  156.43769     46.597     5.2325  3.25633e+00 -3.99992e-01 -2.85634e+00 -2.17901e+00 -6.99482e-01 -3.80366e+00   20    4.75  242.69   43.19   63.51   40.66  125.46  307.94  200.18   45.07   11.55   56.19   31.28  -51.26
   2   19   -44.0000   400.0000   49.91094  156.21098     46.597     4.3700  2.32111e+00 -4.43071e-01 -1.87804e+00 -1.96005e+00 -4.62178e-01 -3.42906e+00   20    2.37  251.03   47.43   68.39   30.01  133.31  311.23  207.06   51.88   12.59   47.63   39.62  -51.74
   2   20   -44.0000   425.0000   49.73390  155.98427     46.597     4.3723  2.25727e+00 -9.86875e-01 -1.27040e+00 -2.16268e+00 -9.92400e-01 -3.44614e+00   20    7.49  251.38   40.65   69.30   32.85  125.81  315.80  203.42   57.08   16.65   51.85   33.18  -66.17
   2   21   -44.0000   450.0000   49.55686  155.75757     46.597     3.2588  1.46624e+00 -1.02031e+00 -4.45928e-01 -1.59113e+00 -9.34166e-01 -2.77405e+00   20    5.12  260.17   45.96   75.07   21.00  133.99  319.08  211.82   66.21   18.02   42.36   42.15  -82.79
   2   22   -44.0000   475.0000   49.37983  155.53086     46.597     1.7228  5.39652e-01 -5.65199e-01  2.55470e-02 -8.44308e-01 -5.46530e-01 -1.49357e+00   20    2.51   94.18   64.53   86.50   -3.88 -154.48  321.30  225.56  101.48   20.32   15.12   64.26  -81.29
   3    1   -22.0000   -50.0000   52.98183  160.53456     39.798     9.4762  3.06954e+00 -1.38340e+00 -1.68613e+00  5.91088e+00  7.07194e+00  2.65708e-01   20  208.66   39.38    6.79   83.32   79.35   91.26  128.24  310.82  219.23   38.31   51.66    1.25   34.12
   3    2   -22.0000   -25.0000   52.80480  160.30785     39.798    13.5828  3.29513e+00 -2.18425e+00 -1.11089e+00  9.78448e+00  9.19744e+00  1.14059e+00   20  262.15   47.83    4.96   85.90  124.23   87.20  140.44  314.81   48.03   40.84   49.03    2.79   36.65
   3    3   -22.0000     0.0000   52.62776  160.08115     39.798    13.8658  3.76050e+00 -2.35854e+00 -1.40196e+00  8.64174e+00  1.04720e+01  3.25737e-02   20  239.17   40.17    6.09   84.24  108.91   88.02  131.97  307.96   40.37   39.21   50.72    1.97   26.86
   3    4   -22.0000    25.0000   52.45072  159.85444     39.798    11.8059  3.87112e+00 -2.35969e+00 -1.51143e+00  6.30302e+00  8.91814e+00 -3.02640e+00   20  247.75   35.84   12.51   79.33  121.29   83.43  131.45  297.69   37.06   34.02   55.20    6.46  -13.43
   3    5   -22.0000    50.0000   52.27369  159.62773     39.798     7.9801  3.83944e+00 -2.93107e+00 -9.08366e-01  4.11007e+00  3.84390e+00 -5.43030e+00   20  241.41   44.74   23.17   67.71  105.39   83.52  139.69  303.11   47.21   22.45   66.68    5.99  -73.11
   3    6   -22.0000    75.0000   52.09665  159.40103     39.798     5.7572  2.67265e+00 -1.78344e+00 -8.89203e-01  1.91569e+00  1.51789e-01 -5.22844e+00   20  185.64   86.23   60.08   74.14   18.38  148.77  138.46   42.42  241.97    9.18   33.09   55.34  -62.76
   3    7   -22.0000   100.0000   51.91961  159.17432     39.798     5.9963  2.56530e+00 -1.56574e+00 -9.99559e-01  1.21165e+00 -2.17385e+00 -5.01110e+00   20   85.06  188.71   60.64   67.25  153.66   32.12  315.61   48.94  220.34    4.20   38.33   51.35  -22.11
   3    8   -22.0000   125.0000   51.74258  158.94761     39.798     5.5196  2.36742e+00 -2.43308e+00  6.56630e-02  1.37660e+00 -3.05812e+00 -3.71571e+00   20   89.82  197.70   55.75   65.73  150.18   38.12  321.72   57.60  225.35    6.16   43.52   45.82   23.44
   3    9   -22.0000   150.0000   51.56554  158.72090     39.798     5.0235  2.69813e+00 -3.25900e+00  5.60875e-01  1.16407e+00 -3.22765e+00 -2.35022e+00   20   96.91  210.60   54.44   60.65  142.96   41.85  332.46   66.78  239.29    3.71   49.27   40.49   44.21
   3   10   -22.0000   175.0000   51.38851  158.49420     39.798     5.3478  3.81851e+00 -3.39620e+00 -4.22306e-01  1.10675e+00 -2.37642e+00 -2.93863e+00   20   86.54  210.11   51.45   55.25  133.21   49.34  327.57   60.96  236.20    2.16   57.54   32.37    9.77
   3   11   -22.0000   200.0000   51.21147  158.26749     39.798     6.3348  5.85783e+00 -3.06826e+00 -2.78957e+00  1.64209e+00 -5.04905e-01 -3.38246e+00   20  212.17   60.13   42.87   50.66   68.73  108.61  137.06   31.73  228.09    4.01   75.14   14.28   -2.32
   3   12   -22.0000   225.0000   51.03443  158.04078     39.798     8.5307  7.73951e+00 -2.86504e+00 -4.87447e+00  2.86758e+00  1.78126e+00 -3.93337e+00   20  209.86   45.77   34.52   56.52   76.79   98.93  129.34  344.02  220.81   11.10   76.58    7.44   -0.86
   3   13   -22.0000   250.0000   50.85740  157.81408     39.798    10.2086  9.62651e+00 -2.85553e+00 -6.77098e+00  2.46422e+00  2.96380e+00 -4.02180e+00   20  209.34   34.83   34.06   56.06   85.44   93.07  122.62  315.98  213.11   11.01   78.69    2.55    6.99
   3   14   -22.0000   275.0000   50.68036  157.58737     39.798     9.5129  8.87094e+00 -2.13405e+00 -6.73689e+00  1.82374e+00  3.27713e+00 -3.49392e+00   20  208.02   28.61   33.40   56.61   89.51   90.33  118.38  299.76  208.44   11.61   78.39    0.27    5.23
   3   15   -22.0000   300.0000   50.50332  157.36066     39.798     7.8310  7.19601e+00 -8.00144e-01 -6.39587e+00  3.16562e-01  1.88465e+00 -3.38624e+00   20  209.79   20.91   38.36   51.97   96.98   84.50  114.82  262.15   24.31    6.82   81.91    4.33  -18.40
   3   16   -22.0000   325.0000   50.32629  157.13395     39.798     5.2386  3.99185e+00  7.28767e-01 -4.72062e+00 -3.03270e-01  1.14747e+00 -3.03316e+00   20  222.58    7.41   42.84   52.84  117.33   66.94  113.56  219.02   21.83    5.24   71.02   18.19  -59.65
   3   17   -22.0000   350.0000   50.14925  156.90725     39.798     4.7288  3.05249e+00  6.19962e-01 -3.67245e+00 -6.08776e-01  1.14055e+00 -3.33817e+00   20  240.51  358.86   51.19   59.43  139.26   46.71  117.98  214.46   24.47    4.79   53.39   36.19  -59.39
   3   18   -22.0000   375.0000   49.97221  156.68054     39.798     4.3684  2.05068e+00  4.55281e-01 -2.50596e+00 -1.15755e+00  4.76774e-01 -3.63641e+00   20  354.49  252.81   64.11   67.37   25.32  151.76  304.25  212.75   37.19    2.10   35.51   54.41  -47.75
   3   19   -22.0000   400.0000   49.79518  156.45383     39.798     4.2726  1.55343e+00  1.67196e-02 -1.57015e+00 -1.76104e+00 -3.07780e-01 -3.68485e+00   20  356.36  258.69   58.96   77.50   14.63  148.12  310.79  213.26   59.50   12.21   31.18   56.00  -46.70
   3   20   -22.0000   425.0000   49.61814  156.22713     39.798     4.0341  1.35043e+00 -5.68588e-01 -7.81840e-01 -1.72822e+00 -8.04841e-01 -3.61750e+00   20  358.55  265.47   60.60   84.56    6.25  150.45  315.62  217.99   75.97   16.26   24.47   60.00  -64.78
   3   21   -22.0000   450.0000   49.44110  156.00042     39.798     3.1027  5.69806e-01 -6.60589e-01  9.07835e-02 -1.26798e+00 -5.87006e-01 -2.81500e+00   20    2.10   93.62   68.08   86.25   -4.04 -158.03  320.00  225.83  102.83   18.08   12.58   67.73  -51.62
   3   22   -22.0000   475.0000   49.26407  155.77371     39.798     1.8607 -1.64336e-02 -3.67702e-01  3.84135e-01 -8.98514e-01 -6.19456e-01 -1.53272e+00   20    3.20   99.85   68.75   73.42  -17.83 -157.78  322.42  230.81  134.79   27.26    3.12   62.53  -50.79
   4    1     0.0000   -50.0000   52.86607  160.77741     33.000     9.6970  9.15136e-02  6.02492e-01 -6.94005e-01  6.29794e+00  7.24968e+00  2.06194e+00   20  106.51  219.40    6.58   87.43  -23.03  -96.06  123.09  315.18  219.67   47.23   42.13    6.05   36.99
   4    2     0.0000   -25.0000   52.68904  160.55071     33.000    16.8634  3.06653e-01  4.60555e-01 -7.67208e-01  1.17331e+01  1.19542e+01  4.00479e+00   20   85.80  223.61    4.02   87.02  -47.88  -92.70  130.76  316.17  223.75   47.91   41.96    2.69   43.72
   4    3     0.0000     0.0000   52.51200  160.32400     33.000    20.1494  5.79254e-01 -7.05265e-01  1.26012e-01  1.26170e+01  1.56238e+01  3.89152e+00   20   69.75  218.57    2.51   87.85  -58.84  -91.30  127.22  309.82  218.62   47.13   42.84    1.30   37.59
   4    4     0.0000    25.0000   52.33496  160.09729     33.000    14.9942 -1.37322e-02 -1.09383e+00  1.10756e+00  9.13842e+00  1.18304e+01  1.42863e+00   20  338.01  218.06    3.19   88.41 -150.01  -87.24  130.91  305.38   37.99   46.53   43.34    2.76   20.86
   4    5     0.0000    50.0000   52.15793  159.87059     33.000     9.2463 -5.89204e-01  1.20490e-01  4.68715e-01  5.84854e+00  7.14785e+00 -8.86290e-01   20  311.16  218.88    2.22   89.91 -177.72  -87.78  131.10  306.67   38.88   45.05   44.87    2.22  -22.97
   4    6     0.0000    75.0000   51.98089  159.64388     33.000     4.6850 -2.03065e+00  1.67524e+00  3.55414e-01  2.94467e+00  3.33196e+00 -2.02606e+00   20  145.92  256.26   37.76   74.93  -25.12 -125.04  128.93   12.24  266.59   47.98   22.04   33.67  -89.48
   4    7     0.0000   100.0000   51.80385  159.41717     33.000     3.2034 -2.16370e+00  1.71976e+00  4.43945e-01  2.12411e+00  3.80112e-01 -1.31558e+00   20  144.98  276.40   32.48   67.16  -46.28 -113.75  150.98   23.90  286.09   60.57   18.78   21.79  -13.43
   4    8     0.0000   125.0000   51.62682  159.19046     33.000     3.2900 -2.22192e+00  1.11732e+00  1.10460e+00  2.79176e+00 -2.23409e-01 -2.86719e-01   20  119.19  279.35   16.80   74.15  -70.94  -95.63  181.26   13.89  280.89   60.47   28.93    5.42  -54.02
   4    9     0.0000   150.0000   51.44978  158.96376     33.000     2.9385 -9.86622e-01 -9.50140e-02  1.08164e+00  2.62601e+00 -9.01216e-01 -3.83878e-01   20  178.84  295.55   16.24   82.54  -27.65 -104.47  189.45   38.15  297.46   50.41   35.95   14.34  -38.29
   4   10     0.0000   175.0000   51.27274  158.73705     33.000     3.4120  1.03343e+00 -5.62187e-01 -4.71244e-01  3.07842e+00 -4.76581e-02 -1.19550e+00   20  196.17   84.73   22.26   81.49   23.00  110.65  157.36   17.25  261.53   33.35   49.38   20.41   17.45
   4   11     0.0000   200.0000   51.09571  158.51034     33.000     5.2450  2.56365e+00 -5.80185e-01 -1.98347e+00  4.13545e+00  1.84934e+00 -1.32449e+00   20  191.63   59.50   20.16   76.17   43.94  104.81  137.50  348.56  235.88   29.65   56.39   14.37   18.69
   4   12     0.0000   225.0000   50.91867  158.28364     33.000     8.2550  3.44879e+00 -4.71436e-01 -2.97735e+00  5.29777e+00  5.36281e+00 -1.02891e+00   20  185.75   41.94   14.06   78.57   54.64   98.25  124.98  322.31  220.29   33.08   55.69    8.08   13.71
   4   13     0.0000   250.0000   50.74163  158.05693     33.000     9.6514  5.48573e+00 -5.58837e-01 -4.92689e+00  4.62265e+00  6.47524e+00 -1.60928e+00   20  186.22   32.18   18.67   73.10   65.24   98.06  115.75  314.01  209.82   27.66   61.10    7.71    7.27
   4   14     0.0000   275.0000   50.56460  157.83022     33.000     9.5057  5.97573e+00 -4.12180e-01 -5.56355e+00  3.46223e+00  6.42682e+00 -1.91229e+00   20  190.28   26.02   20.49   70.22   75.20   95.45  111.77  304.96  204.17   25.03   64.38    5.13   -2.21
   4   15     0.0000   300.0000   50.38756  157.60352     33.000     7.9213  5.08015e+00  4.37107e-01 -5.51726e+00  2.30333e+00  4.98542e+00 -2.33596e+00   20  192.64   23.67   23.35   67.04   79.86   94.35  110.36  301.78  201.97   21.92   67.68    4.00  -28.29
   4   16     0.0000   325.0000   50.21053  157.37681     33.000     6.5913  3.75024e+00  1.01729e+00 -4.76754e+00  1.87602e+00  4.05145e+00 -2.85503e+00   20  197.48   25.09   23.81   66.38   83.03   93.06  112.76  301.00  203.86   21.32   68.48    2.81  -56.75
   4   17     0.0000   350.0000   50.03349  157.15010     33.000     4.8018  2.23934e+00  1.14154e+00 -3.38088e+00  9.31514e-01  2.98960e+00 -2.94282e+00   20  238.34    7.24   31.26   69.13  136.65   66.18  115.01  243.67   16.18   20.64   58.91   22.17  -79.73
   4   18     0.0000   375.0000   49.85645  156.92339     33.000     4.1432  1.28844e+00  9.02839e-01 -2.19128e+00  3.84233e-01  2.04606e+00 -3.30616e+00   20  258.18  351.41   58.78   84.69  173.79   31.37  120.69  219.39    0.04   17.52   25.59   58.23  -62.20
   4   19     0.0000   400.0000   49.67942  156.69669     33.000     3.9959  1.27331e+00  1.29401e-01 -1.40271e+00 -5.61267e-01  7.26328e-01 -3.73675e+00   20  262.28  356.42   73.33   76.43  165.82   17.16  128.96  219.80   33.64    2.12   21.64   68.25  -41.55
   4   20     0.0000   425.0000   49.50238  156.46998     33.000     3.7721  1.00465e+00 -4.33415e-01 -5.71234e-01 -1.00848e+00 -3.29681e-01 -3.63105e+00   20  359.26  268.67   73.54   88.01    2.08  163.53  315.13  222.77   81.96   10.12   13.00   73.42  -49.27
   4   21     0.0000   450.0000   49.32534  156.24327     33.000     2.7861 -1.10336e-01 -3.26967e-01  4.37303e-01 -8.94832e-01 -5.87876e-01 -2.55360e+00   20    2.30   96.03   73.25   77.82  -12.73 -162.85  319.79  228.61  130.40   20.67    3.13   69.07  -19.31
   4   22     0.0000   475.0000   49.14831  156.01657     33.000     1.6140 -2.76626e-01 -2.18462e-01  4.95087e-01 -5.49562e-01 -4.85156e-01 -1.37532e+00   20  100.80    3.83   69.54   72.00 -160.75  -21.57  321.83   52.70  145.82   27.75    1.65   62.19  -12.83
   5    1    22.0000   -50.0000   52.75031  161.02027     26.202    10.6752 -1.64043e+00  2.32764e+00 -6.87208e-01  7.09388e+00  7.20314e+00  3.60450e+00   20   92.75  222.18   12.45   82.02  -40.10  -99.59  121.14  320.59  223.53   52.06   36.32    9.50   45.40
   5    2    22.0000   -25.0000   52.57328  160.79356     26.202    17.9525 -2.83443e+00  3.15191e+00 -3.17481e-01  1.12626e+01  1.25613e+01  7.06880e+00   20   87.29  218.97   12.97   81.30  -42.41  -99.65  117.67  317.35  220.44   52.76   35.60    9.54   51.96
   5    3    22.0000     0.0000   52.39624  160.56685     26.202    19.0783 -5.03686e+00  2.20014e+00  2.83671e+00  1.08026e+01  1.38870e+01  7.03402e+00   20   59.73  217.16   12.00   78.89  -67.88  -94.58  121.39  311.05  218.05   55.88   33.74    4.49   41.22
   5    4    22.0000    25.0000   52.21920  160.34015     26.202    16.8852 -4.09442e+00  1.50109e+00  2.59333e+00  9.00608e+00  1.30415e+01  5.30121e+00   20   60.51  214.11   10.87   80.24  -64.01  -94.81  118.25  308.26  214.92   54.51   35.07    4.74   33.75
   5    5    22.0000    50.0000   52.04217  160.11344     26.202    12.3823 -3.97085e+00  1.93293e+00  2.03793e+00  6.44739e+00  9.62052e+00  2.73901e+00   20   58.05  214.32   11.01   79.90  -66.66  -94.41  118.90  308.12  215.10   54.89   34.76    4.34    9.31
   5    6    22.0000    75.0000   51.86513  159.88673     26.202     8.7833 -4.51122e+00  3.43181e+00  1.07941e+00  4.52751e+00  6.21042e+00  1.47073e+00   20   76.26  220.63   16.96   76.08  -55.57  -99.78  117.60  318.64  223.01   57.83   30.42    9.49  -22.06
   5    7    22.0000   100.0000   51.68809  159.66003     26.202     6.7639 -4.99082e+00  4.35285e+00  6.37967e-01  3.40214e+00  3.07264e+00  1.63921e+00   20   81.56  235.41   25.78   66.56  -66.15 -101.05  125.44  333.75  239.85   66.63   20.83   10.13   -9.26
   5    8    22.0000   125.0000   51.51106  159.43332     26.202     7.3022 -5.64459e+00  4.32142e+00  1.32318e+00  4.10025e+00  2.09915e+00  2.44748e+00   20   59.37  242.10   25.47   64.55  -92.47  -88.82  154.59  331.22   61.60   70.43   19.54    1.06    1.22
   5    9    22.0000   150.0000   51.33402  159.20661     26.202     6.8360 -3.96601e+00  3.10461e+00  8.61399e-01  4.92593e+00  2.25057e+00  2.11131e+00   20   52.64  244.28   19.09   71.27 -101.01  -86.22  160.29  331.30   63.06   63.54   26.18    3.58   10.53
   5   10    22.0000   175.0000   51.15698  158.97990     26.202     7.2953 -2.29302e+00  2.46557e+00 -1.72551e-01  5.67064e+00  3.66929e+00  1.54810e+00   20   79.19  237.21   11.70   79.13  -68.43  -94.35  141.75  330.92  238.03   55.67   33.99    4.27   21.18
   5   11    22.0000   200.0000   50.97995  158.75320     26.202     9.7482 -2.19402e+00  2.60161e+00 -4.07587e-01  6.98229e+00  6.11251e+00  1.95355e+00   20   90.68  228.66   10.85   81.90  -48.49  -97.24  130.23  325.02  229.68   52.57   36.50    7.17   20.58
   5   12    22.0000   225.0000   50.80291  158.52649     26.202    12.0443 -1.27804e+00  2.23220e+00 -9.54160e-01  7.72123e+00  8.86138e+00  2.00215e+00   20  104.73  220.49    9.95   85.64  -26.10  -98.95  120.92  318.75  221.18   48.61   40.00    8.92   17.93
   5   13    22.0000   250.0000   50.62587  158.29978     26.202    12.8509  3.00268e-01  2.13048e+00 -2.43075e+00  7.41433e+00  1.01525e+01  1.48597e+00   20  124.40  215.03   11.91   89.87   -0.64 -101.91  113.35  316.66  215.06   43.91   43.65   11.91   12.40
   5   14    22.0000   275.0000   50.44884  158.07308     26.202    11.4354  1.14954e+00  1.96590e+00 -3.11544e+00  5.77511e+00  9.45456e+00  6.95019e-01   20  133.53   30.77   13.32   87.01   13.10  102.98  108.69  314.10  210.08   40.63   46.47   12.96   -0.47
   5   15    22.0000   300.0000   50.27180  157.84637     26.202     9.9770  2.42865e+00  1.66212e+00 -4.09076e+00  4.51071e+00  8.16239e+00 -7.88648e-01   20  155.18   28.96   14.35   81.40   37.09  101.54  108.97  312.32  207.21   35.40   52.26   11.41  -19.90
   5   16    22.0000   325.0000   50.09476  157.61966     26.202     8.9650  1.96364e+00  1.87223e+00 -3.83587e+00  4.30501e+00  7.10510e+00 -1.63608e+00   20  159.57   32.91   15.08   80.86   37.62  102.04  112.56  316.99  210.97   34.78   52.66   11.89  -36.45
   5   17    22.0000   350.0000   49.91773  157.39295     26.202     6.0924  1.01609e+00  1.71180e+00 -2.72789e+00  2.60625e+00  4.97869e+00 -2.02541e+00   20  169.40   31.55   13.83   79.65   48.69   99.23  113.68  312.81  209.88   34.03   54.45    9.08  -65.73
   5   18    22.0000   375.0000   49.74069  157.16625     26.202     5.1719  7.31901e-01  1.14667e+00 -1.87857e+00  2.28667e+00  4.12212e+00 -2.73524e+00   20  227.81   26.07   12.79   78.09  111.25   85.30  120.03  290.01   27.04   32.93   56.66    4.60  -84.03
   5   19    22.0000   400.0000   49.56366  156.93954     26.202     3.7852  4.48538e-01  5.03342e-01 -9.51880e-01  1.05429e+00  2.18072e+00 -3.05041e+00   20  267.50  173.93   59.45   83.97 -173.00  -30.74  126.34  224.58  343.91   25.70   16.57   58.73  -63.59
   5   20    22.0000   425.0000   49.38662  156.71283     26.202     2.7336 -3.02629e-01  1.89814e-01  1.12815e-01 -7.89797e-05  4.54665e-01 -2.69355e+00   20  269.67  179.38   80.15   88.34 -178.32   -9.85  134.11  224.94  349.94    8.13    5.77   80.01   20.06
   5   21    22.0000   450.0000   49.20958  156.48613     26.202     2.0596 -5.88952e-01 -3.87575e-02  6.27710e-01 -1.03968e-01 -2.69038e-01 -2.00199e+00   20   95.21    4.02   79.62   83.51 -173.40  -10.45  319.32   49.89  152.51   11.96    2.72   77.72   46.50
   5   22    22.0000   475.0000   49.03255  156.25942     26.202     1.2395 -3.88555e-01 -1.05891e-01  4.94445e-01 -1.52572e-01 -3.95923e-01 -1.09291e+00   20  100.18    4.14   65.70   76.88 -165.58  -25.00  320.05   53.87  158.18   26.84    7.50   61.97   34.60
   6    1    44.0000   -50.0000   52.63455  161.26312     19.403    10.4761 -2.41680e+00  1.41488e+00  1.00192e+00  6.40639e+00  6.87350e+00  5.56658e+00   20   61.95  220.92   13.75   77.13  -69.53  -94.89  124.46  315.00  222.02   57.60   31.96    4.77   68.39
   6    2    44.0000   -25.0000   52.45751  161.03641     19.403    17.4361 -4.94859e+00  2.45033e+00  2.49826e+00  9.78995e+00  1.16329e+01  9.43769e+00   20   64.84  217.45   15.85   75.85  -63.51  -97.22  117.64  313.37  219.22   58.55   30.49    7.00   65.32
   6    3    44.0000     0.0000   52.28048  160.80971     19.403    20.3358 -6.08982e+00  2.98320e+00  3.10662e+00  1.06238e+01  1.40879e+01  1.05985e+01   20   70.64  213.97   17.17   76.08  -54.57 -100.15  110.46  312.27  216.43   57.74   30.37    9.85   59.70
   6    4    44.0000    25.0000   52.10344  160.58300     19.403    18.5180 -5.19905e+00  2.63384e+00  2.56521e+00  9.07766e+00  1.36298e+01  8.74725e+00   20   76.08  210.83   17.31   77.63  -46.07 -102.20  105.43  310.93  213.48   55.75   31.57   11.91   51.31
   6    5    44.0000    50.0000   51.92641  160.35629     19.403    15.4203 -4.78774e+00  2.93405e+00  1.85370e+00  6.88496e+00  1.18630e+01  6.15454e+00   20   78.63  209.30   17.68   78.26  -42.04 -103.32  102.86  310.37  212.05   54.84   32.00   13.04   33.31
   6    6    44.0000    75.0000   51.74937  160.12959     19.403    11.8655 -5.57698e+00  4.44181e+00  1.13517e+00  4.63466e+00  8.45605e+00  4.71526e+00   20   81.44  212.29   23.29   74.27  -43.28 -107.40   99.27  316.05  217.15   57.26   27.24   16.73   14.29
   6    7    44.0000   100.0000   51.57233  159.90288     19.403     9.4574 -5.45927e+00  5.50339e+00 -4.41179e-02  3.95710e+00  5.56573e+00  3.61876e+00   20   88.67  221.99   27.88   70.06  -46.84 -109.89  103.20  327.09  229.02   60.02   22.57   18.65   14.26
   6    8    44.0000   125.0000   51.39530  159.67617     19.403     9.8126 -5.96459e+00  5.78493e+00  1.79655e-01  4.91403e+00  4.81582e+00  4.00062e+00   20   80.93  228.74   25.34   68.16  -60.37 -103.18  116.81  328.76  233.72   64.44   22.09   12.22   27.76
   6    9    44.0000   150.0000   51.21826  159.44946     19.403    10.6648 -5.41739e+00  5.47924e+00 -6.18550e-02  6.18586e+00  5.78012e+00  3.72750e+00   20   83.87  228.70   21.37   72.26  -56.72 -102.12  120.92  328.23  232.44   60.92   26.30   11.53   25.30
   6   10    44.0000   175.0000   51.04122  159.22276     19.403    12.2132 -5.71597e+00  4.82921e+00  8.86758e-01  7.14192e+00  7.27807e+00  4.29928e+00   20   74.73  225.50   18.30   73.90  -62.02  -98.82  122.91  322.58  227.97   60.16   28.37    8.47   23.57
   6   11    44.0000   200.0000   50.86419  158.99605     19.403    15.6640 -5.83716e+00  4.73791e+00  1.09926e+00  9.84440e+00  9.96148e+00  4.79052e+00   20   72.35  225.00   14.43   77.13  -63.39  -96.57  126.36  320.46  226.47   57.39   31.82    6.41   22.98
   6   12    44.0000   225.0000   50.68715  158.76934     19.403    18.5028 -6.09169e+00  4.65322e+00  1.43847e+00  1.09893e+01  1.28903e+01  5.26260e+00   20   73.87  220.76   13.38   78.73  -57.61  -97.26  121.64  316.91  222.19   55.70   33.35    7.12   20.22
   6   13    44.0000   250.0000   50.51011  158.54264     19.403    18.7731 -5.64148e+00  4.93972e+00  7.01756e-01  1.06049e+01  1.36975e+01  5.09023e+00   20   82.92  218.22   14.15   79.84  -46.19  -99.90  116.24  316.67  219.98   54.14   34.12    9.75   17.40
   6   14    44.0000   275.0000   50.33308  158.31593     19.403    16.3952 -4.83372e+00  4.85853e+00 -2.48112e-02  8.52368e+00  1.24558e+01  4.22684e+00   20   89.95  215.63   16.02   80.49  -36.76 -102.96  110.43  316.68  217.80   52.79   34.25   12.77   10.30
   6   15    44.0000   300.0000   50.15604  158.08922     19.403    13.2388 -2.14376e+00  3.74663e+00 -1.60287e+00  6.44735e+00  1.09155e+01  1.98624e+00   20  105.79  212.44   15.03   85.60  -17.20 -104.38  107.37  315.50  213.57   47.49   38.95   14.34   -6.70
   6   16    44.0000   325.0000   49.97900  157.86252     19.403    11.2939 -1.64235e+00  3.48793e+00 -1.84558e+00  5.74974e+00  9.25851e+00  7.34701e-01   20  112.98  214.82   14.58   86.94  -12.22 -104.27  110.23  318.02  215.59   46.22   40.29   14.25  -19.66
   6   17    44.0000   350.0000   49.80197  157.63581     19.403     8.4830 -1.48656e+00  2.82183e+00 -1.33526e+00  4.30912e+00  7.03346e+00 -1.94822e-01   20  114.88  216.09   13.55   87.32  -11.52 -103.28  112.54  318.49  216.72   46.10   40.87   13.27  -36.44
   6   18    44.0000   375.0000   49.62493  157.40910     19.403     6.4041 -1.50653e+00  2.12211e+00 -6.15572e-01  3.36395e+00  5.35883e+00 -1.11397e+00   20  115.16  217.50    9.71   87.91  -12.51  -99.49  117.79  316.54  217.85   46.29   42.16    9.48  -60.39
   6   19    44.0000   400.0000   49.44789  157.18239     19.403     4.3139 -6.53650e-01  9.82427e-01 -3.28777e-01  2.38936e+00  3.53405e+00 -2.01440e+00   20  271.59   28.85    7.46   86.57  152.54   83.37  125.08  291.84   29.25   41.20   48.03    6.62  -87.91
   6   20    44.0000   425.0000   49.27086  156.95569     19.403     2.5873 -1.22062e+00  6.24810e-01  5.95806e-01  9.28344e-01  1.28737e+00 -1.77486e+00   20  280.21  170.30   55.64   63.53 -147.32  -39.09  131.96  226.88  321.55   45.59    4.81   44.01  -26.07
   6   21    44.0000   450.0000   49.09382  156.72898     19.403     1.7983 -1.20788e+00  2.84725e-01  9.23155e-01  5.66247e-01  1.22716e-01 -1.36163e+00   20  171.52  293.26   49.87   58.02  -43.84 -130.56  147.71   50.74  317.65   56.12    4.66   33.47   44.48
   6   22    44.0000   475.0000   48.91678  156.50227     19.403     1.0096 -7.17981e-01  6.66218e-02  6.51359e-01  1.54752e-01 -2.92947e-01 -7.74718e-01   20  136.99  331.71   36.00   54.91 -102.00  -81.41  272.58   55.56  146.74   78.12    9.53    7.02   74.74
   7    1    66.0000   -50.0000   52.51879  161.50597     12.605    10.5291 -1.69335e+00  9.21579e-02  1.60119e+00  6.40693e+00  7.05368e+00  6.35811e+00   20   34.69  223.42   12.69   77.46  -98.52  -88.09  135.93  311.82   43.00   57.50   32.43    1.86   83.48
   7    2    66.0000   -25.0000   52.34175  161.27927     12.605    16.4141 -3.92551e+00  7.83987e-01  3.14153e+00  9.30278e+00  1.06817e+01  1.06095e+01   20   48.98  219.61   15.31   74.88  -80.95  -92.46  126.12  311.62  220.25   60.04   29.84    2.38   83.84
   7    3    66.0000     0.0000   52.16472  161.05256     12.605    19.6837 -5.34876e+00  2.19031e+00  3.15845e+00  9.97242e+00  1.34350e+01  1.19714e+01   20   76.84  210.09   20.03   75.97  -45.04 -104.45  101.34  311.79  213.66   56.69   29.53   14.01   72.90
   7    4    66.0000    25.0000   51.98768  160.82585     12.605    19.7446 -5.31252e+00  2.33916e+00  2.97336e+00  9.21275e+00  1.42761e+01  1.09376e+01   20   80.53  207.19   20.69   77.29  -38.50 -106.47   96.84  310.62  210.91   54.79   30.39   16.05   62.41
   7    5    66.0000    50.0000   51.81064  160.59915     12.605    18.1010 -4.87932e+00  3.32974e+00  1.54958e+00  8.06246e+00  1.35082e+01  8.94879e+00   20   85.93  206.95   21.41   78.57  -32.86 -108.23   95.40  311.95  210.69   52.98   31.21   17.86   48.57
   7    6    66.0000    75.0000   51.63361  160.37244     12.605    14.0662 -4.68538e+00  4.41469e+00  2.70687e-01  6.03084e+00  1.00775e+01  6.73504e+00   20   89.87  209.34   24.48   77.37  -31.84 -111.15   94.29  316.35  214.18   52.95   29.27   20.61   37.39
   7    7    66.0000   100.0000   51.45657  160.14573     12.605    11.2391 -4.59930e+00  5.47435e+00 -8.75045e-01  5.34194e+00  7.10329e+00  4.95405e+00   20   94.76  217.28   26.60   74.93  -35.49 -112.18   99.77  324.66  223.33   54.69   26.65   21.38   33.80
   7    8    66.0000   125.0000   51.27953  159.91902     12.605    10.5066 -5.41245e+00  6.43749e+00 -1.02504e+00  4.67407e+00  5.83933e+00  4.59457e+00   20   94.37  221.70   29.65   70.96  -41.26 -113.16  100.33  329.23  229.64   57.70   22.57   21.83   32.53
   7    9    66.0000   150.0000   51.10250  159.69232     12.605    12.6011 -6.06389e+00  6.48744e+00 -4.23550e-01  5.99164e+00  7.86301e+00  4.78876e+00   20   90.99  220.60   25.22   73.29  -42.45 -109.17  105.03  325.55  226.30   57.46   25.87   18.33   21.01
   7   10    66.0000   175.0000   50.92546  159.46561     12.605    15.8926 -7.23527e+00  6.00852e+00  1.22676e+00  8.63342e+00  1.00326e+01  5.98589e+00   20   76.85  221.75   19.18   74.11  -56.42 -100.89  116.50  320.48  224.76   59.47   28.31   10.47   25.63
   7   11    66.0000   200.0000   50.74843  159.23890     12.605    19.9700 -8.40379e+00  6.01398e+00  2.38981e+00  1.20788e+01  1.23331e+01  7.13208e+00   20   64.66  224.67   15.74   75.16  -70.70  -95.32  127.24  319.01  226.03   59.50   29.97    5.14   27.49
   7   12    66.0000   225.0000   50.57139  159.01220     12.605    23.3574 -9.43865e+00  6.29019e+00  3.14846e+00  1.37007e+01  1.52812e+01  7.83345e+00   20   64.37  222.24   15.02   76.04  -68.56  -95.60  124.63  316.85  223.60   58.60   30.82    5.44   23.91
   7   13    66.0000   250.0000   50.39435  158.78549     12.605    23.5713 -1.01238e+01  7.04779e+00  3.07601e+00  1.29120e+01  1.58207e+01  7.86525e+00   20   69.42  220.15   16.45   75.56  -61.74  -97.96  119.28  316.64  222.14   58.70   30.12    7.70   19.58
   7   14    66.0000   275.0000   50.21732  158.55878     12.605    20.9021 -9.82057e+00  7.21998e+00  2.60059e+00  1.02246e+01  1.43372e+01  7.10373e+00   20   74.49  217.69   18.94   74.63  -54.72 -101.21  112.25  316.71  220.69   58.89   28.78   10.81   13.53
   7   15    66.0000   300.0000   50.04028  158.33208     12.605    17.9125 -7.90468e+00  6.50752e+00  1.39716e+00  8.29191e+00  1.30537e+01  5.30497e+00   20   81.23  215.76   19.21   76.27  -46.17 -103.57  108.18  316.80  219.04   56.68   29.99   13.17    3.25
   7   16    66.0000   325.0000   49.86324  158.10537     12.605    14.3402 -4.89126e+00  4.93016e+00 -3.89000e-02  7.02723e+00  1.11280e+01  2.89312e+00   20   90.51  215.58   16.68   80.23  -36.23 -103.59  109.60  317.12  217.92   52.87   33.88   13.38   -7.61
   7   17    66.0000   350.0000   49.68621  157.87866     12.605    10.9059 -3.33418e+00  3.57984e+00 -2.45664e-01  5.34108e+00  8.85382e+00  1.12955e+00   20   93.45  214.98   14.05   82.54  -32.31 -101.95  111.51  315.46  216.55   51.05   36.45   11.84  -23.30
   7   18    66.0000   375.0000   49.50917  157.65195     12.605     8.2132 -3.20897e+00  2.80847e+00  4.00500e-01  4.17452e+00  6.59206e+00  1.23932e-01   20   83.93  216.84   12.16   81.65  -43.56  -98.88  116.51  314.60  218.14   52.55   36.06    8.78  -41.32
   7   19    66.0000   400.0000   49.33213  157.42525     12.605     5.2956 -2.29305e+00  1.67670e+00  6.16346e-01  3.05620e+00  4.12203e+00 -8.27290e-01   20   71.69  219.70    8.21   83.02  -58.28  -94.34  124.74  313.59  220.23   51.79   37.87    4.31  -65.56
   7   20    66.0000   425.0000   49.15510  157.19854     12.605     3.0532 -2.56920e+00  1.25599e+00  1.31321e+00  1.73124e+00  1.88154e+00 -7.61051e-01   20  311.62  181.90   36.81   64.45 -133.95  -62.56  133.49  252.17  349.27   60.59   15.14   24.57  -95.63
   7   21    66.0000   450.0000   48.97806  156.97183     12.605     2.4562 -2.68198e+00  1.00879e+00  1.67319e+00  1.09105e+00  5.55330e-01 -3.79941e-01   20  319.92  173.20   46.58   48.54 -114.28  -66.51  153.55  246.83  337.15   72.59    1.03   17.38  -79.54
   7   22    66.0000   475.0000   48.80102  156.74513     12.605     1.3170 -1.30500e+00  3.67657e-01  9.37347e-01  5.88160e-01 -5.67217e-02 -3.46171e-01   20  168.23  316.62   39.61   54.83  -64.63 -109.52  176.02   60.42  328.16   72.19    7.90   15.85  -46.82
   8    1    88.0000   -50.0000   52.40303  161.74883      5.807     9.9377 -3.45757e-01 -1.04194e+00  1.38770e+00  6.31017e+00  6.77946e+00  6.02705e+00   20  346.70  237.04   20.39   82.87 -159.14  -70.84  167.60  310.56   54.57   48.64   35.10   19.00   89.94
   8    2    88.0000   -25.0000   52.22599  161.52212      5.807    14.8059 -2.71641e+00 -5.65107e-02  2.77292e+00  8.69774e+00  9.19994e+00  1.07426e+01   20  353.07  242.81   28.01   79.57 -157.31  -63.86  181.03  311.79   57.73   48.80   29.75   25.67   95.13
   8    3    88.0000     0.0000   52.04896  161.29541      5.807    19.3462 -5.12678e+00  2.04663e+00  3.08015e+00  9.44387e+00  1.27570e+01  1.32152e+01   20   84.99  204.36   25.80   76.66  -32.00 -112.29   87.82  312.08  209.76   53.10   28.26   21.66   81.04
   8    4    88.0000    25.0000   51.87192  161.06871      5.807    20.9173 -4.47881e+00  2.09130e+00  2.38751e+00  9.52173e+00  1.51149e+01  1.26420e+01   20   89.14  202.04   25.38   79.54  -25.06 -113.25   86.24  310.99  206.50   50.11   30.70   22.85   68.85
   8    5    88.0000    50.0000   51.69488  160.84200      5.807    19.3518 -3.91005e+00  3.33815e+00  5.71892e-01  8.78482e+00  1.44347e+01  1.01795e+01   20   92.91  204.54   23.91   80.72  -23.45 -112.13   90.32  312.89  208.30   49.51   32.16   21.83   54.77
   8    6    88.0000    75.0000   51.51785  160.61529      5.807    15.0956 -4.11986e+00  4.20412e+00 -8.42546e-02  6.89971e+00  1.07597e+01  7.70696e+00   20   93.02  208.23   24.86   78.84  -27.42 -112.36   92.86  316.38  212.78   51.12   30.31   21.91   47.42
   8    7    88.0000   100.0000   51.34081  160.38859      5.807    11.6807 -2.80014e+00  4.27766e+00 -1.47752e+00  5.33557e+00  8.35805e+00  5.27221e+00   20  101.06  209.59   26.99   80.81  -20.61 -115.48   92.54  320.41  213.94   47.99   31.14   25.13   35.69
   8    8    88.0000   125.0000   51.16377  160.16188      5.807    10.0921 -4.03695e+00  5.66545e+00 -1.62850e+00  4.23978e+00  6.32124e+00  4.50655e+00   20  100.61  215.57   31.70   75.39  -28.68 -118.45   93.00  327.40  223.35   51.26   25.04   27.45   29.70
   8    9    88.0000   150.0000   50.98674  159.93517      5.807    13.5789 -5.47308e+00  6.22150e+00 -7.48423e-01  6.68393e+00  8.85758e+00  5.45555e+00   20   93.27  218.01   24.34   75.54  -37.28 -109.80  103.23  323.73  223.15   55.16   27.89   19.15   28.37
   8   10    88.0000   175.0000   50.80970  159.70846      5.807    18.3273 -7.30631e+00  6.17360e+00  1.13272e+00  1.02830e+01  1.19930e+01  6.76263e+00   20   78.19  220.92   17.68   75.77  -54.06 -100.60  116.74  319.56  223.56   57.95   29.99   10.27   28.65
   8   11    88.0000   200.0000   50.63266  159.48176      5.807    22.0619 -9.39449e+00  6.43510e+00  2.95938e+00  1.28580e+01  1.39306e+01  8.14450e+00   20   64.50  222.99   16.15   74.92  -69.26  -95.86  124.77  317.75  224.51   59.67   29.68    5.65   28.29
   8   12    88.0000   225.0000   50.45563  159.25505      5.807    25.5516 -1.15135e+01  7.26312e+00  4.25039e+00  1.46159e+01  1.61535e+01  9.19622e+00   20   60.74  222.61   16.31   74.46  -72.56  -95.01  125.46  316.68  223.96   60.24   29.29    4.83   24.41
   8   13    88.0000   250.0000   50.27859  159.02834      5.807    25.8150 -1.20165e+01  7.88799e+00  4.12852e+00  1.38191e+01  1.69054e+01  9.11664e+00   20   65.97  220.29   17.31   74.31  -65.35  -97.41  119.78  316.27  222.31   60.03   28.94    7.13   20.21
   8   14    88.0000   275.0000   50.10156  158.80164      5.807    22.8387 -1.16758e+01  7.90018e+00  3.77558e+00  1.06751e+01  1.53580e+01  8.17519e+00   20   70.40  217.27   19.77   73.24  -58.45 -100.66  111.94  315.75  220.38   60.37   27.49   10.20   13.32
   8   15    88.0000   300.0000   49.92452  158.57493      5.807    19.9529 -1.07050e+01  7.76398e+00  2.94100e+00  8.55525e+00  1.36514e+01  6.83610e+00   20   74.55  216.25   21.38   72.92  -53.67 -103.06  107.60  316.56  220.15   60.01   26.79   12.48    4.74
   8   16    88.0000   325.0000   49.74748  158.34822      5.807    15.6721 -6.78225e+00  5.73483e+00  1.04742e+00  7.04784e+00  1.17999e+01  4.07982e+00   20   82.65  214.90   18.78   77.12  -43.81 -103.79  107.45  316.21  218.03   55.80   30.79   13.44   -5.13
   8   17    88.0000   350.0000   49.57045  158.12151      5.807    12.4018 -5.30547e+00  4.43510e+00  8.70370e-01  5.55573e+00  9.71565e+00  2.29669e+00   20   81.56  214.39   16.77   78.42  -44.08 -102.22  109.28  314.60  216.88   54.98   32.35   11.96  -19.05
   8   18    88.0000   375.0000   49.39341  157.89481      5.807     9.2129 -4.54574e+00  3.36983e+00  1.17591e+00  4.41007e+00  7.06712e+00  9.65218e-01   20   73.73  216.75   15.09   77.84  -53.98  -99.01  115.24  314.27  218.66   56.27   32.26    8.81  -34.21
   8   19    88.0000   400.0000   49.21637  157.66810      5.807     6.2849 -3.71535e+00  2.30846e+00  1.40689e+00  3.43480e+00  4.44083e+00  6.98822e-02   20   61.25  221.26   14.11   76.71  -70.56  -94.78  124.87  315.22  222.36   58.03   31.55    4.65  -51.74
   8   20    88.0000   425.0000   49.03934  157.44139      5.807     4.2522 -3.84281e+00  1.85571e+00  1.98710e+00  2.26172e+00  2.12385e+00  4.95779e-02   20   41.56  225.06   21.62   68.42  -93.26  -88.71  137.36  314.07   44.59   66.55   23.41    1.20  -72.22
   8   21    88.0000   450.0000   48.86230  157.21469      5.807     3.2552 -3.66607e+00  1.48414e+00  2.18192e+00  1.32207e+00  6.68350e-01  2.42854e-01   20   17.93  216.37   34.55   56.85 -105.36  -79.67  157.31  298.94   30.68   75.72   11.29    8.64  -77.86
   8   22    88.0000   475.0000   48.68526  156.98798      5.807     1.5792 -1.77618e+00  5.94856e-01  1.18132e+00  6.53943e-01  2.20961e-01 -3.72219e-02   20  346.42  194.34   42.33   51.17 -111.40  -71.62  164.06  271.42    2.57   75.04    4.56   14.22  -77.78
