   1   0.80    1.0000    1.0000    1.0000    1.0000    1.0000    2.8114    2.8114    2.8114    2.8114    2.8114    0.1042   -0.0251   -0.0478    0.1240    0.0049
   2   1.60    1.0000    1.0000    1.0000    1.0000    1.0000    2.8114    2.8114    2.8114    2.8114    2.8114    0.2684   -0.0523   -0.1277    0.3049    0.0144
   3   2.40    1.0000    1.0000    1.0000    1.0000    1.0000    2.8114    2.8114    2.8114    2.8114    2.8114    0.5300   -0.1024   -0.1336    0.5033    0.0439
   4   3.20    1.0000    1.0000    1.0000    1.0000    1.0000    2.8114    2.8114    2.8114    2.8114    2.8114    0.8428   -0.0963   -0.1441    0.5856    0.0609
   5   4.00    1.0000    1.0000    1.0000    1.0000    1.0000    2.8114    2.8114    2.8114    2.8114    2.8114    1.1485   -0.0507   -0.1403    0.5455    0.0743
   6   4.80    1.0000    1.0000    1.0000    1.0000    1.0000    2.8114    2.8114    2.8114    2.8114    2.8114    1.5450   -0.0180   -0.1195    0.4509    0.0709
   7   5.60    1.0000    1.0000    1.0000    1.0000    1.0000    2.8114    2.8114    2.8114    2.8114    2.8114    1.9860    0.0099   -0.0941    0.2947    0.0007
   8   6.40    1.0000    1.0000    1.0000    1.0000    1.0000    2.8114    2.8114    2.8114    2.8114    2.8114    2.5852    0.0412   -0.0565    0.2041   -0.0849
   9   7.20    0.8709    1.0000    1.0000    1.0000    1.0000    3.2280    2.8114    2.8114    2.8114    2.8114    3.2280    0.1170   -0.0078    0.0504   -0.1799
  10   8.00    0.7181    1.0000    1.0000    1.0000    1.0000    3.9149    2.8114    2.8114    2.8114    2.8114    3.9149    0.2101    0.0721   -0.1200   -0.2701
  11   8.80    0.5924    1.0000    1.0000    1.0000    1.0000    4.7456    2.8114    2.8114    2.8114    2.8114    4.7456    0.3271    0.2396   -0.3005   -0.3832
  12   9.60    0.4958    1.0000    1.0000    1.0000    1.0000    5.6701    2.8114    2.8114    2.8114    2.8114    5.6701    0.5139    0.3281   -0.4710   -0.5265
  13  10.40    0.4312    1.0000    1.0000    1.0000    1.0000    6.5201    2.8114    2.8114    2.8114    2.8114    6.5201    0.7129    0.4807   -0.6896   -0.6809
  14  11.20    0.3858    1.0000    1.0000    1.0000    1.0000    7.2880    2.8114    2.8114    2.8114    2.8114    7.2880    0.9569    0.6004   -0.9367   -0.8338
  15  12.00    0.3489    1.0000    1.0000    1.0000    1.0000    8.0571    2.8114    2.8114    2.8114    2.8114    8.0571    1.1907    0.7049   -1.1651   -0.9814
  16  12.80    0.3208    1.0000    1.0000    1.0000    1.0000    8.7624    2.8114    2.8114    2.8114    2.8114    8.7624    1.4113    0.8757   -1.4593   -1.1443
  17  13.60    0.2966    1.0000    1.0000    1.0000    1.0000    9.4778    2.8114    2.8114    2.8114    2.8114    9.4778    1.5956    0.9743   -1.6990   -1.3088
  18  14.40    0.2753    1.0000    1.0000    1.0000    1.0000   10.2115    2.8114    2.8114    2.8114    2.8114   10.2115    1.7338    1.1154   -1.9378   -1.4552
  19  15.20    0.2576    1.0000    1.0000    1.0000    1.0000   10.9143    2.8114    2.8114    2.8114    2.8114   10.9143    1.8030    1.2102   -2.1036   -1.5798
  20  16.00    0.2437    1.0000    1.0000    1.0000    1.0000   11.5359    2.8114    2.8114    2.8114    2.8114   11.5359    1.8324    1.2380   -2.2085   -1.6822
  21  16.80    0.2373    1.0000    1.0000    1.0000    1.0000   11.8473    2.8114    2.8114    2.8114    2.8114   11.8473    1.8428    1.2899   -2.3135   -1.7127
  22  17.60    0.2300    1.0000    1.0000    1.0000    1.0000   12.2228    2.8114    2.8114    2.8114    2.8114   12.2228    1.8688    1.2655   -2.3558   -1.7343
  23  18.40    0.2192    1.0000    1.0000    1.0000    1.0000   12.8281    2.8114    2.8114    2.8114    2.8114   12.8281    1.9096    1.2486   -2.3581   -1.7040
  24  19.20    0.2102    1.0000    1.0000    1.0000    1.0000   13.3755    2.8114    2.8114    2.8114    2.8114   13.3755    1.9243    1.2807   -2.3207   -1.6367
  25  20.00    0.2042    1.0000    1.0000    1.0000    1.0000   13.7680    2.8114    2.8114    2.8114    2.8114   13.7680    1.9418    1.3241   -2.2520   -1.5660
  26  20.80    0.2000    1.0000    1.0000    1.0000    1.0000   14.0570    2.8114    2.8114    2.8114    2.8114   14.0570    1.9929    1.3689   -2.1777   -1.4906
  27  21.60    0.2057    1.0000    1.0000    1.0000    1.0000   13.6706    2.8114    2.8114    2.8114    2.8114   13.6706    2.0745    1.4378   -2.1263   -1.3914
  28  22.40    0.2075    1.0000    1.0000    1.0000    1.0000   13.5508    2.8114    2.8114    2.8114    2.8114   13.5508    2.1657    1.4693   -2.0932   -1.3002
  29  23.20    0.2092    1.0000    1.0000    1.0000    1.0000   13.4358    2.8114    2.8114    2.8114    2.8114   13.4358    2.2531    1.4771   -2.0434   -1.2609
  30  24.00    0.2122    1.0000    1.0000    1.0000    1.0000   13.2486    2.8114    2.8114    2.8114    2.8114   13.2486    2.3244    1.4803   -2.0040   -1.2299
  31  24.80    0.2120    1.0000    1.0000    1.0000    1.0000   13.2583    2.8114    2.8114    2.8114    2.8114   13.2583    2.4184    1.4653   -1.9877   -1.2691
  32  25.60    0.2162    1.0000    1.0000    1.0000    1.0000   13.0057    2.8114    2.8114    2.8114    2.8114   13.0057    2.5041    1.4785   -1.9805   -1.2933
  33  26.40    0.2252    1.0000    1.0000    1.0000    1.0000   12.4849    2.8114    2.8114    2.8114    2.8114   12.4849    2.5761    1.5683   -1.9944   -1.3471
  34  27.20    0.2390    1.0000    1.0000    1.0000    1.0000   11.7646    2.8114    2.8114    2.8114    2.8114   11.7646    2.6337    1.6734   -2.0022   -1.4002
  35  28.00    0.2566    1.0000    1.0000    1.0000    1.0000   10.9551    2.8114    2.8114    2.8114    2.8114   10.9551    2.6579    1.7753   -1.9998   -1.4291
  36  28.80    0.2797    1.0000    1.0000    1.0000    1.0000   10.0504    2.8114    2.8114    2.8114    2.8114   10.0504    2.6716    1.8521   -2.0129   -1.4727
  37  29.60    0.3024    1.0000    1.0000    1.0000    1.0000    9.2959    2.8114    2.8114    2.8114    2.8114    9.2959    2.6820    1.8169   -2.0075   -1.4995
  38  30.40    0.3194    1.0000    1.0000    1.0000    1.0000    8.8014    2.8114    2.8114    2.8114    2.8114    8.8014    2.6287    1.7651   -2.0121   -1.5212
  39  31.20    0.3287    1.0000    1.0000    1.0000    1.0000    8.5525    2.8114    2.8114    2.8114    2.8114    8.5525    2.5126    1.7117   -2.0057   -1.5179
  40  32.00    0.3299    1.0000    1.0000    1.0000    1.0000    8.5226    2.8114    2.8114    2.8114    2.8114    8.5226    2.3470    1.6595   -1.9883   -1.4820
  41  32.80    0.3243    1.0000    1.0000    1.0000    1.0000    8.6699    2.8114    2.8114    2.8114    2.8114    8.6699    2.1823    1.5852   -2.0116   -1.4091
  42  33.60    0.3148    1.0000    1.0000    1.0000    1.0000    8.9301    2.8114    2.8114    2.8114    2.8114    8.9301    2.0089    1.5068   -2.0088   -1.3064
  43  34.40    0.3014    1.0000    1.0000    1.0000    1.0000    9.3285    2.8114    2.8114    2.8114    2.8114    9.3285    1.8787    1.3513   -2.0290   -1.1933
  44  35.20    0.2914    1.0000    1.0000    1.0000    1.0000    9.6489    2.8114    2.8114    2.8114    2.8114    9.6489    1.7444    1.2300   -2.0524   -1.0458
  45  36.00    0.2866    1.0000    1.0000    1.0000    1.0000    9.8082    2.8114    2.8114    2.8114    2.8114    9.8082    1.6465    1.0903   -2.0929   -0.8821
  46  36.80    0.2828    1.0000    1.0000    1.0000    1.0000    9.9402    2.8114    2.8114    2.8114    2.8114    9.9402    1.6066    0.8966   -2.1831   -0.7304
  47  37.60    0.2822    1.0000    1.0000    1.0000    1.0000    9.9621    2.8114    2.8114    2.8114    2.8114    9.9621    1.5829    0.7455   -2.2877   -0.5726
  48  38.40    0.2798    1.0000    1.0000    1.0000    1.0000   10.0481    2.8114    2.8114    2.8114    2.8114   10.0481    1.5903    0.5586   -2.4261   -0.4896
  49  39.20    0.2824    1.0000    1.0000    1.0000    1.0000    9.9556    2.8114    2.8114    2.8114    2.8114    9.9556    1.5623    0.4389   -2.5896   -0.4539
  50  40.00    0.2850    1.0000    1.0000    1.0000    1.0000    9.8636    2.8114    2.8114    2.8114    2.8114    9.8636    1.4968    0.3752   -2.7829   -0.4622
  51  40.80    0.2835    1.0000    1.0000    0.9298    1.0000    9.9173    2.8114    2.8114    3.0236    2.8114    9.9173    1.4587    0.2983   -3.0236   -0.5227
  52  41.60    0.2773    1.0000    1.0000    0.8618    1.0000   10.1380    2.8114    2.8114    3.2624    2.8114   10.1380    1.4033    0.2813   -3.2624   -0.6275
  53  42.40    0.2659    1.0000    1.0000    0.7968    1.0000   10.5734    2.8114    2.8114    3.5285    2.8114   10.5734    1.3752    0.2849   -3.5285   -0.7429
  54  43.20    0.2534    1.0000    1.0000    0.7441    1.0000   11.0945    2.8114    2.8114    3.7783    2.8114   11.0945    1.3727    0.3373   -3.7783   -0.8559
  55  44.00    0.2392    1.0000    1.0000    0.7012    1.0000   11.7545    2.8114    2.8114    4.0093    2.8114   11.7545    1.4139    0.3829   -4.0093   -0.9405
  56  44.80    0.2259    1.0000    1.0000    0.6691    1.0000   12.4443    2.8114    2.8114    4.2018    2.8114   12.4443    1.5445    0.3786   -4.2018   -1.0587
  57  45.60    0.2178    1.0000    1.0000    0.6501    1.0000   12.9063    2.8114    2.8114    4.3244    2.8114   12.9063    1.7076    0.3817   -4.3244   -1.1835
  58  46.40    0.2145    1.0000    1.0000    0.6354    1.0000   13.1096    2.8114    2.8114    4.4245    2.8114   13.1096    1.9382    0.3509   -4.4245   -1.3165
  59  47.20    0.2160    1.0000    1.0000    0.6280    1.0000   13.0142    2.8114    2.8114    4.4764    2.8114   13.0142    2.1508    0.3401   -4.4764   -1.3827
  60  48.00    0.2172    1.0000    1.0000    0.6318    1.0000   12.9410    2.8114    2.8114    4.4499    2.8114   12.9410    2.3187    0.3463   -4.4499   -1.4213
  61  48.80    0.2184    1.0000    1.0000    0.6388    1.0000   12.8699    2.8114    2.8114    4.4009    2.8114   12.8699    2.4476    0.3691   -4.4009   -1.4585
  62  49.60    0.2187    1.0000    1.0000    0.6509    1.0000   12.8567    2.8114    2.8114    4.3190    2.8114   12.8567    2.5016    0.4371   -4.3190   -1.4449
  63  50.40    0.2177    1.0000    1.0000    0.6561    1.0000   12.9141    2.8114    2.8114    4.2850    2.8114   12.9141    2.5269    0.5103   -4.2850   -1.3922
  64  51.20    0.2158    1.0000    1.0000    0.6634    1.0000   13.0251    2.8114    2.8114    4.2379    2.8114   13.0251    2.5360    0.5736   -4.2379   -1.3302
  65  52.00    0.2127    1.0000    1.0000    0.6751    1.0000   13.2174    2.8114    2.8114    4.1642    2.8114   13.2174    2.5657    0.5536   -4.1642   -1.2865
  66  52.80    0.2120    1.0000    1.0000    0.6833    1.0000   13.2597    2.8114    2.8114    4.1146    2.8114   13.2597    2.5894    0.5421   -4.1146   -1.2236
  67  53.60    0.2120    1.0000    1.0000    0.6968    1.0000   13.2628    2.8114    2.8114    4.0348    2.8114   13.2628    2.6214    0.5153   -4.0348   -1.1587
  68  54.40    0.2103    1.0000    1.0000    0.7121    1.0000   13.3656    2.8114    2.8114    3.9480    2.8114   13.3656    2.6452    0.4855   -3.9480   -1.0936
  69  55.20    0.2127    1.0000    1.0000    0.7335    1.0000   13.2200    2.8114    2.8114    3.8328    2.8114   13.2200    2.6723    0.4507   -3.8328   -1.0262
  70  56.00    0.2155    1.0000    1.0000    0.7588    1.0000   13.0470    2.8114    2.8114    3.7049    2.8114   13.0470    2.7406    0.2907   -3.7049   -1.0101
  71  56.80    0.2226    1.0000    1.0000    0.7795    1.0000   12.6276    2.8114    2.8114    3.6068    2.8114   12.6276    2.7952    0.1656   -3.6068   -1.0605
  72  57.60    0.2349    0.9979    1.0000    0.7943    1.0000   11.9686    2.8172    2.8114    3.5393    2.8114   11.9686    2.8172    0.0705   -3.5393   -1.0956
  73  58.40    0.2465    1.0000    1.0000    0.7939    1.0000   11.4035    2.8114    2.8114    3.5414    2.8114   11.4035    2.7971    0.0332   -3.5414   -1.1440
  74  59.20    0.2601    1.0000    1.0000    0.7868    1.0000   10.8099    2.8114    2.8114    3.5730    2.8114   10.8099    2.6595    0.1188   -3.5730   -1.1403
  75  60.00    0.2689    1.0000    1.0000    0.7813    1.0000   10.4546    2.8114    2.8114    3.5985    2.8114   10.4546    2.5313    0.1493   -3.5985   -1.1684
  76  60.80    0.2624    1.0000    1.0000    0.7759    1.0000   10.7133    2.8114    2.8114    3.6234    2.8114   10.7133    2.4298    0.1564   -3.6234   -1.1992
  77  61.60    0.2539    1.0000    1.0000    0.7666    1.0000   11.0731    2.8114    2.8114    3.6674    2.8114   11.0731    2.3659    0.1144   -3.6674   -1.2166
  78  62.40    0.2388    1.0000    1.0000    0.7540    1.0000   11.7721    2.8114    2.8114    3.7288    2.8114   11.7721    2.3458    0.0297   -3.7288   -1.2097
  79  63.20    0.2271    1.0000    1.0000    0.7383    1.0000   12.3791    2.8114    2.8114    3.8079    2.8114   12.3791    2.2911    0.0015   -3.8079   -1.1979
  80  64.00    0.2160    1.0000    1.0000    0.7236    1.0000   13.0160    2.8114    2.8114    3.8854    2.8114   13.0160    2.2726   -0.0629   -3.8854   -1.2209
  81  64.80    0.2091    1.0000    1.0000    0.7071    1.0000   13.4430    2.8114    2.8114    3.9761    2.8114   13.4430    2.2976   -0.0349   -3.9761   -1.2269
  82  65.60    0.2050    1.0000    1.0000    0.6833    1.0000   13.7148    2.8114    2.8114    4.1143    2.8114   13.7148    2.3578    0.0089   -4.1143   -1.1968
  83  66.40    0.2006    1.0000    1.0000    0.6621    1.0000   14.0116    2.8114    2.8114    4.2464    2.8114   14.0116    2.5021    0.0906   -4.2464   -1.1739
  84  67.20    0.2031    1.0000    1.0000    0.6359    1.0000   13.8408    2.8114    2.8114    4.4213    2.8114   13.8408    2.6392    0.2562   -4.4213   -1.1337
  85  68.00    0.2085    0.9979    1.0000    0.6070    1.0000   13.4824    2.8172    2.8114    4.6316    2.8114   13.4824    2.8172    0.3811   -4.6316   -1.0955
  86  68.80    0.2173    0.9385    1.0000    0.5833    1.0000   12.9352    2.9957    2.8114    4.8200    2.8114   12.9352    2.9957    0.5485   -4.8200   -1.0977
  87  69.60    0.2251    0.8902    1.0000    0.5669    1.0000   12.4869    3.1583    2.8114    4.9590    2.8114   12.4869    3.1583    0.6720   -4.9590   -1.1504
  88  70.40    0.2317    0.8372    1.0000    0.5503    1.0000   12.1357    3.3580    2.8114    5.1085    2.8114   12.1357    3.3580    0.7385   -5.1085   -1.2815
  89  71.20    0.2400    0.8185    1.0000    0.5334    1.0000   11.7129    3.4349    2.8114    5.2707    2.8114   11.7129    3.4349    0.8395   -5.2707   -1.4009
  90  72.00    0.2479    0.8101    1.0000    0.5227    1.0000   11.3424    3.4705    2.8114    5.3783    2.8114   11.3424    3.4705    0.8851   -5.3783   -1.5500
  91  72.80    0.2582    0.8069    1.0000    0.5121    1.0000   10.8898    3.4840    2.8114    5.4903    2.8114   10.8898    3.4840    0.9005   -5.4903   -1.6838
  92  73.60    0.2710    0.8133    1.0000    0.5062    1.0000   10.3738    3.4567    2.8114    5.5543    2.8114   10.3738    3.4567    0.8982   -5.5543   -1.7828
  93  74.40    0.2837    0.8113    1.0000    0.5100    1.0000    9.9108    3.4652    2.8114    5.5124    2.8114    9.9108    3.4652    0.8485   -5.5124   -1.8589
  94  75.20    0.2953    0.8124    1.0000    0.5231    1.0000    9.5205    3.4604    2.8114    5.3744    2.8114    9.5205    3.4604    0.7909   -5.3744   -1.8519
  95  76.00    0.3055    0.8235    1.0000    0.5437    1.0000    9.2017    3.4138    2.8114    5.1704    2.8114    9.2017    3.4138    0.7849   -5.1704   -1.7663
  96  76.80    0.3058    0.8356    1.0000    0.5756    1.0000    9.1935    3.3647    2.8114    4.8841    2.8114    9.1935    3.3647    0.7552   -4.8841   -1.6833
  97  77.60    0.3014    0.8552    1.0000    0.6181    1.0000    9.3263    3.2873    2.8114    4.5483    2.8114    9.3263    3.2873    0.7388   -4.5483   -1.5909
  98  78.40    0.2913    0.8949    1.0000    0.6625    1.0000    9.6515    3.1417    2.8114    4.2438    2.8114    9.6515    3.1417    0.7762   -4.2438   -1.4931
  99  79.20    0.2808    0.9444    1.0000    0.7105    1.0000   10.0113    2.9768    2.8114    3.9567    2.8114   10.0113    2.9768    0.8332   -3.9567   -1.4074
 100  80.00    0.2722    1.0000    1.0000    0.7605    1.0000   10.3273    2.8114    2.8114    3.6968    2.8114   10.3273    2.7545    0.9314   -3.6968   -1.3283
 101  80.80    0.2636    1.0000    1.0000    0.8047    1.0000   10.6662    2.8114    2.8114    3.4936    2.8114   10.6662    2.5174    0.9810   -3.4936   -1.2386
 102  81.60    0.2642    1.0000    1.0000    0.8435    1.0000   10.6392    2.8114    2.8114    3.3331    2.8114   10.6392    2.2910    0.9296   -3.3331   -1.1628
 103  82.40    0.2711    1.0000    1.0000    0.8742    1.0000   10.3692    2.8114    2.8114    3.2159    2.8114   10.3692    2.0789    0.7988   -3.2159   -1.1076
 104  83.20    0.2865    1.0000    1.0000    0.9052    1.0000    9.8142    2.8114    2.8114    3.1059    2.8114    9.8142    1.8576    0.6243   -3.1059   -1.0216
 105  84.00    0.3158    1.0000    1.0000    0.9423    1.0000    8.9017    2.8114    2.8114    2.9836    2.8114    8.9017    1.6229    0.4473   -2.9836   -0.9280
 106  84.80    0.3575    1.0000    1.0000    0.9860    1.0000    7.8636    2.8114    2.8114    2.8514    2.8114    7.8636    1.3837    0.3339   -2.8514   -0.8407
 107  85.60    0.4192    1.0000    1.0000    1.0000    1.0000    6.7058    2.8114    2.8114    2.8114    2.8114    6.7058    1.1768    0.2059   -2.6486   -0.7654
 108  86.40    0.4989    1.0000    1.0000    1.0000    1.0000    5.6354    2.8114    2.8114    2.8114    2.8114    5.6354    1.0305    0.0962   -2.4248   -0.6780
 109  87.20    0.6168    1.0000    1.0000    1.0000    1.0000    4.5583    2.8114    2.8114    2.8114    2.8114    4.5583    0.9046   -0.0053   -2.1397   -0.5606
 110  88.00    0.8021    1.0000    1.0000    1.0000    1.0000    3.5050    2.8114    2.8114    2.8114    2.8114    3.5050    0.7519   -0.0725   -1.7907   -0.4191
 111  88.80    1.0000    1.0000    1.0000    1.0000    1.0000    2.8114    2.8114    2.8114    2.8114    2.8114    2.5584    0.5628   -0.0522   -1.4077   -0.2694
 112  89.60    1.0000    1.0000    1.0000    1.0000    1.0000    2.8114    2.8114    2.8114    2.8114    2.8114    1.6134    0.3734   -0.0446   -0.9759   -0.1307
 113  90.40    1.0000    1.0000    1.0000    1.0000    1.0000    2.8114    2.8114    2.8114    2.8114    2.8114    0.8089    0.1890   -0.0235   -0.4989   -0.0625
 114  91.20    1.0000    1.0000    1.0000    1.0000    1.0000    2.8114    2.8114    2.8114    2.8114    2.8114    0.0000    0.0000    0.0000    0.0000    0.0000
 115  92.00    1.0000    1.0000    1.0000    1.0000    1.0000    2.8114    2.8114    2.8114    2.8114    2.8114    0.0000    0.0000    0.0000    0.0000    0.0000
 116  92.80    1.0000    1.0000    1.0000    1.0000    1.0000    2.8114    2.8114    2.8114    2.8114    2.8114    0.0000    0.0000    0.0000    0.0000    0.0000
 117  93.60    1.0000    1.0000    1.0000    1.0000    1.0000    2.8114    2.8114    2.8114    2.8114    2.8114    0.0000    0.0000    0.0000    0.0000    0.0000
 118  94.40    1.0000    1.0000    1.0000    1.0000    1.0000    2.8114    2.8114    2.8114    2.8114    2.8114    0.0000    0.0000    0.0000    0.0000    0.0000
 119  95.20    1.0000    1.0000    1.0000    1.0000    1.0000    2.8114    2.8114    2.8114    2.8114    2.8114    0.0000    0.0000    0.0000    0.0000    0.0000
 120  96.00    1.0000    1.0000    1.0000    1.0000    1.0000    2.8114    2.8114    2.8114    2.8114    2.8114    0.0000    0.0000    0.0000    0.0000    0.0000
 121  96.80    1.0000    1.0000    1.0000    1.0000    1.0000    2.8114    2.8114    2.8114    2.8114    2.8114    0.0000    0.0000    0.0000    0.0000    0.0000
 122  97.60    1.0000    1.0000    1.0000    1.0000    1.0000    2.8114    2.8114    2.8114    2.8114    2.8114    0.0000    0.0000    0.0000    0.0000    0.0000
 123  98.40    1.0000    1.0000    1.0000    1.0000    1.0000    2.8114    2.8114    2.8114    2.8114    2.8114    0.0000    0.0000    0.0000    0.0000    0.0000
 124  99.20    1.0000    1.0000    1.0000    1.0000    1.0000    2.8114    2.8114    2.8114    2.8114    2.8114    0.0000    0.0000    0.0000    0.0000    0.0000
 125 100.00    1.0000    1.0000    1.0000    1.0000    1.0000    2.8114    2.8114    2.8114    2.8114    2.8114    0.0000    0.0000    0.0000    0.0000    0.0000
 126 100.80    1.0000    1.0000    1.0000    1.0000    1.0000    2.8114    2.8114    2.8114    2.8114    2.8114    0.0000    0.0000    0.0000    0.0000    0.0000
 127 101.60    1.0000    1.0000    1.0000    1.0000    1.0000    2.8114    2.8114    2.8114    2.8114    2.8114    0.0000    0.0000    0.0000    0.0000    0.0000
 128 102.40    1.0000    1.0000    1.0000    1.0000    1.0000    2.8114    2.8114    2.8114    2.8114    2.8114    0.0000    0.0000    0.0000    0.0000    0.0000
 129 103.20    1.0000    1.0000    1.0000    1.0000    1.0000    2.8114    2.8114    2.8114    2.8114    2.8114    0.0000    0.0000    0.0000    0.0000    0.0000
 130 104.00    1.0000    1.0000    1.0000    1.0000    1.0000    2.8114    2.8114    2.8114    2.8114    2.8114    0.0000    0.0000    0.0000    0.0000    0.0000
 131 104.80    1.0000    1.0000    1.0000    1.0000    1.0000    2.8114    2.8114    2.8114    2.8114    2.8114    0.0000    0.0000    0.0000    0.0000    0.0000
 132 105.60    1.0000    1.0000    1.0000    1.0000    1.0000    2.8114    2.8114    2.8114    2.8114    2.8114    0.0000    0.0000    0.0000    0.0000    0.0000
 133 106.40    1.0000    1.0000    1.0000    1.0000    1.0000    2.8114    2.8114    2.8114    2.8114    2.8114    0.0000    0.0000    0.0000    0.0000    0.0000
 134 107.20    1.0000    1.0000    1.0000    1.0000    1.0000    2.8114    2.8114    2.8114    2.8114    2.8114    0.0000    0.0000    0.0000    0.0000    0.0000
 135 108.00    1.0000    1.0000    1.0000    1.0000    1.0000    2.8114    2.8114    2.8114    2.8114    2.8114    0.0000    0.0000    0.0000    0.0000    0.0000
 136 108.80    1.0000    1.0000    1.0000    1.0000    1.0000    2.8114    2.8114    2.8114    2.8114    2.8114    0.0000    0.0000    0.0000    0.0000    0.0000
 137 109.60    1.0000    1.0000    1.0000    1.0000    1.0000    2.8114    2.8114    2.8114    2.8114    2.8114    0.0000    0.0000    0.0000    0.0000    0.0000
 138 110.40    1.0000    1.0000    1.0000    1.0000    1.0000    2.8114    2.8114    2.8114    2.8114    2.8114    0.0000    0.0000    0.0000    0.0000    0.0000
 139 111.20    1.0000    1.0000    1.0000    1.0000    1.0000    2.8114    2.8114    2.8114    2.8114    2.8114    0.0000    0.0000    0.0000    0.0000    0.0000
 140 112.00    1.0000    1.0000    1.0000    1.0000    1.0000    2.8114    2.8114    2.8114    2.8114    2.8114    0.0000    0.0000    0.0000    0.0000    0.0000
 141 112.80    1.0000    1.0000    1.0000    1.0000    1.0000    2.8114    2.8114    2.8114    2.8114    2.8114    0.0000    0.0000    0.0000    0.0000    0.0000
 142 113.60    1.0000    1.0000    1.0000    1.0000    1.0000    2.8114    2.8114    2.8114    2.8114    2.8114    0.0000    0.0000    0.0000    0.0000    0.0000
 143 114.40    1.0000    1.0000    1.0000    1.0000    1.0000    2.8114    2.8114    2.8114    2.8114    2.8114    0.0000    0.0000    0.0000    0.0000    0.0000
 144 115.20    1.0000    1.0000    1.0000    1.0000    1.0000    2.8114    2.8114    2.8114    2.8114    2.8114    0.0000    0.0000    0.0000    0.0000    0.0000
 145 116.00    1.0000    1.0000    1.0000    1.0000    1.0000    2.8114    2.8114    2.8114    2.8114    2.8114    0.0000    0.0000    0.0000    0.0000    0.0000
 146 116.80    1.0000    1.0000    1.0000    1.0000    1.0000    2.8114    2.8114    2.8114    2.8114    2.8114    0.0000    0.0000    0.0000    0.0000    0.0000
 147 117.60    1.0000    1.0000    1.0000    1.0000    1.0000    2.8114    2.8114    2.8114    2.8114    2.8114    0.0000    0.0000    0.0000    0.0000    0.0000
 148 118.40    1.0000    1.0000    1.0000    1.0000    1.0000    2.8114    2.8114    2.8114    2.8114    2.8114    0.0000    0.0000    0.0000    0.0000    0.0000
 149 119.20    1.0000    1.0000    1.0000    1.0000    1.0000    2.8114    2.8114    2.8114    2.8114    2.8114    0.0000    0.0000    0.0000    0.0000    0.0000
