   1    1   -10.0000  -444.0000   18.02167   96.49805     26.660     0.1536 -5.61671e-02 -2.80500e-02  8.42171e-02  2.72711e-02 -8.03663e-02  1.05479e-01   20  250.61  353.41   50.81   74.80  -19.78 -139.10  219.79  117.03   10.25   39.22   15.15   46.83   21.64
   1    2   -10.0000  -432.0000   18.12923   96.48389     26.660     0.2291 -8.62175e-02  1.82425e-02  6.79750e-02 -1.41433e-01 -1.62120e-01  1.82863e-02   20  190.15   39.36   11.15   80.24 -118.75  -84.59  315.95  124.69  218.44   54.45   35.03    5.34  -17.20
   1    3   -10.0000  -420.0000   18.23680   96.46973     26.660     0.2885 -9.07085e-02  2.61845e-02  6.45240e-02 -1.92857e-01 -1.99804e-01  1.46144e-02   20  197.06   42.89    8.50   82.33 -115.58  -86.31  317.19  129.61  222.40   52.53   37.23    3.66  -19.49
   1    4   -10.0000  -408.0000   18.34436   96.45556     26.660     0.3129 -1.20924e-01  9.20672e-02  2.88568e-02 -2.05224e-01 -2.16117e-01 -2.46582e-03   20  262.53   46.37   10.46   81.52  -54.29  -96.15  309.12  141.76   47.28   53.09   36.23    6.08  -36.32
   1    5   -10.0000  -396.0000   18.45192   96.44140     26.660     0.3074 -8.77953e-02  1.18774e-01 -3.09784e-02 -1.93835e-01 -2.07488e-01  5.00686e-02   20  283.70   44.93   16.70   81.16  -32.33 -104.23  298.60  147.12   47.16   51.81   34.65   14.05    4.23
   1    6   -10.0000  -384.0000   18.55948   96.42724     26.660     0.3182 -4.44257e-02  1.20762e-01 -7.63362e-02 -1.81529e-01 -1.97838e-01  1.69145e-01   20  289.54   29.34   31.69   84.00  -11.47 -121.17  269.58  144.87   32.96   42.50   31.86   30.99   62.92
   1    7   -10.0000  -372.0000   18.66705   96.41308     26.660     0.4516 -4.33040e-02  1.11361e-01 -6.80571e-02 -1.51058e-01 -1.88745e-01  3.86457e-01   20  279.42  185.80   65.70   82.03    8.75  155.45  234.84  140.08  348.91   11.12   22.89   64.27   51.07
   1    8   -10.0000  -360.0000   18.77461   96.39892     26.660     0.6010 -6.64190e-02  1.43874e-01 -7.74547e-02 -1.59643e-01 -1.48580e-01  5.57919e-01   20  276.89  184.50   77.08   79.69   10.58  166.86  230.96  140.42  327.02    1.81   16.54   73.35   39.19
   1    9   -10.0000  -348.0000   18.88217   96.38475     26.660     0.7858 -9.18109e-02  1.70770e-01 -7.89586e-02 -1.38930e-01 -1.21588e-01  7.57929e-01   20  275.22  184.14   82.00   82.37    7.70  171.92  229.71  139.66  321.06    0.26   11.09   78.91   30.10
   1   10   -10.0000  -336.0000   18.98974   96.37059     26.660     1.0390 -9.63291e-02  1.13932e-01 -1.76028e-02 -7.92763e-02 -1.06907e-01  1.02975e+00   20  272.00  181.68   84.47   86.66    3.36  174.46  226.93  136.76  330.69    1.54    6.28   83.53   20.12
   1   11   -10.0000  -324.0000   19.09730   96.35643     26.660     1.2436 -1.50774e-01  9.30099e-02  5.77645e-02 -3.84845e-02 -1.04336e-01  1.23936e+00   20  270.46  180.39   85.34   89.13    0.88  175.34  225.52  135.33  349.81    2.68    3.91   85.26   23.52
   1   12   -10.0000  -312.0000   19.20486   96.34227     26.660     1.3234 -1.83825e-01  8.20556e-02  1.01769e-01 -3.91357e-02 -9.23454e-02  1.32034e+00   20  269.83  179.77   86.20   89.10    0.91  176.20  224.86  134.74  346.41    2.05    3.33   86.09   26.51
   1   13   -10.0000  -300.0000   19.31243   96.32811     26.660     1.5579 -1.57776e-01 -6.04745e-03  1.63824e-01  5.53670e-02 -4.37971e-02  1.55393e+00   20  358.48  268.39   87.71   87.99 -177.99   -2.29  223.43  313.44   47.21    3.04    0.20   86.95   18.84
   1   14   -10.0000  -288.0000   19.41999   96.31394     26.660     1.6756 -2.12347e-01  2.86557e-02  1.83691e-01  1.15387e-01 -5.52280e-02  1.66827e+00   20  358.77  268.55   85.58   87.21 -177.20   -4.42  223.61  313.71   56.34    5.10    1.15   84.77   22.77
   1   15   -10.0000  -276.0000   19.52755   96.29978     26.660     1.8698 -2.12981e-01 -1.64137e-02  2.29394e-01  2.48246e-01 -5.03080e-02  1.84699e+00   20  358.28  267.84   81.93   86.92 -176.89   -8.08  222.81  313.30   67.11    7.89    3.51   81.36   19.46
   1   16   -10.0000  -264.0000   19.63512   96.28562     26.660     1.8579 -1.71492e-01 -5.58576e-02  2.27349e-01  2.63134e-01 -4.73868e-02  1.83198e+00   20  357.97  267.55   81.56   87.15 -177.12   -8.45  222.48  313.03   69.07    7.98    3.94   81.09   15.50
   1   17   -10.0000  -252.0000   19.74268   96.27146     26.660     1.9279 -1.63910e-01 -1.13996e-01  2.77906e-01  3.52453e-01 -7.32534e-02  1.88170e+00   20  357.36  266.61   79.18   86.13 -176.06  -10.84  221.53  312.43   67.21   10.40    4.88   78.49   12.30
   1   18   -10.0000  -240.0000   19.85024   96.25730     26.660     2.1628 -2.22014e-01 -1.88013e-01  4.10027e-01  5.76771e-01 -8.80353e-02  2.05550e+00   20  356.51  265.03   74.15   84.78 -174.57  -15.92  219.75  311.74   67.34   14.92    7.40   73.27   11.74
   1   19   -10.0000  -228.0000   19.95780   96.24313     26.660     1.9631 -2.29449e-01 -1.61267e-01  3.90716e-01  5.29741e-01 -8.75750e-02  1.86152e+00   20  356.52  264.84   73.82   84.22 -173.98  -16.26  219.64  311.66   65.78   15.56    7.22   72.76   13.51
   1   20   -10.0000  -216.0000   20.06537   96.22897     26.660     1.9302 -2.67253e-01 -1.64899e-01  4.32152e-01  5.73891e-01 -1.10141e-01  1.80484e+00   20  356.36  263.99   71.98   82.75 -172.38  -18.17  218.91  311.33   62.97   17.94    7.44   70.48   14.00
   1   21   -10.0000  -204.0000   20.17293   96.21481     26.660     1.9835 -2.84777e-01 -1.77977e-01  4.62754e-01  6.24312e-01 -1.18565e-01  1.83903e+00   20  356.26  263.58   70.91   82.30 -171.85  -19.28  218.49  311.22   62.62   19.03    7.85   69.30   13.30
   1   22   -10.0000  -192.0000   20.28049   96.20065     26.660     1.8149 -2.63706e-01 -1.22608e-01  3.86314e-01  5.20157e-01 -8.25602e-02  1.70886e+00   20  356.67  264.55   72.47   83.32 -172.99  -17.65  219.40  311.73   64.46   17.17    7.51   71.17   17.07
   1   23   -10.0000  -180.0000   20.38806   96.18649     26.660     1.5715 -2.95067e-01  1.76762e-02  2.77391e-01  3.66841e-01 -1.05541e-01  1.50856e+00   20  358.47  266.32   74.85   82.11 -171.82  -15.30  221.62  313.11   59.66   16.37    5.03   72.83   25.01
   1   24   -10.0000  -168.0000   20.49562   96.17233     26.660     1.2713 -2.61723e-01  1.43248e-01  1.18475e-01  1.98059e-01 -9.67361e-02  1.24586e+00   20    0.93  269.49   78.99   82.66 -172.52  -11.10  224.91  315.50   56.42   13.03    2.56   76.71   31.42
   1   25   -10.0000  -156.0000   20.60318   96.15816     26.660     1.5661 -2.36092e-01  6.42516e-02  1.71840e-01  3.23385e-01 -7.88695e-02  1.52435e+00   20  359.53  268.24   77.04   84.39 -174.25  -13.02  223.27  314.47   65.34   13.16    5.14   75.84   22.19
   1   26   -10.0000  -144.0000   20.71075   96.14400     26.660     1.7479 -2.37470e-01 -2.24401e-02  2.59910e-01  3.89163e-01 -6.05236e-02  1.69240e+00   20  358.10  266.91   76.37   85.11 -174.97  -13.68  221.77  313.20   67.61   13.12    6.11   75.48   20.06
   1   27   -10.0000  -132.0000   20.81831   96.12984     26.660     2.2639 -2.83553e-01 -1.49440e-01  4.32993e-01  6.76976e-01 -6.13815e-02  2.13176e+00   20  356.82  265.08   71.96   84.68 -174.40  -18.12  219.59  312.23   69.26   16.53    8.82   71.14   15.46
   1   28   -10.0000  -120.0000   20.92587   96.11568     26.660     1.6989 -1.95765e-01 -6.72783e-02  2.63043e-01  3.39598e-01 -9.89979e-02  1.64937e+00   20  357.68  266.48   77.87   84.40 -174.28  -12.19  221.56  312.58   62.18   12.56    4.57   76.61   15.52
   1   29   -10.0000  -108.0000   21.03344   96.10152     26.660     1.7580 -1.09110e-01 -1.45660e-01  2.54770e-01  3.54690e-01 -1.11141e-01  1.70498e+00   20  357.15  266.11   78.30   85.00 -174.89  -11.75  221.13  312.11   63.38   11.83    4.69   77.24    5.68
   1   30   -10.0000   -96.0000   21.14100   96.08735     26.660     1.6921 -4.32000e-02 -1.73396e-01  2.16596e-01  2.91005e-01 -1.23046e-01  1.65085e+00   20  357.05  266.22   80.32   85.16 -175.09   -9.72  221.32  311.94   60.00   10.29    3.40   79.15   -0.60
   1   31   -10.0000   -84.0000   21.24856   96.07319     26.660     1.5299  1.46223e-02 -1.54515e-01  1.39892e-01  1.30885e-01 -1.27391e-01  1.51244e+00   20  267.03  357.41   85.12   85.47   -4.55 -175.10  222.23  132.21   40.10    6.66    0.25   83.33   -4.64
   1   32   -10.0000   -72.0000   21.35612   96.05903     26.660     1.1089  2.06712e-01 -1.31525e-01 -7.51873e-02 -1.80955e-01 -4.08931e-02  1.09005e+00   20  178.91  269.81   79.33   85.24  175.15   10.70   43.97  134.77  293.52    4.14   10.93   78.30  -30.64
   1   33   -10.0000   -60.0000   21.46369   96.04487     26.660     1.0472  2.35237e-01 -1.27346e-01 -1.07891e-01 -1.45119e-01  1.96712e-02  1.03677e+00   20  179.70  269.97   81.44   88.24  178.22    8.56   44.53  135.14  281.51    4.79    7.29   81.26  -40.16
   1   34   -10.0000   -48.0000   21.57125   96.03071     26.660     1.0200  1.76358e-01 -1.08073e-01 -6.82849e-02  5.03684e-02  5.70705e-02  1.01608e+00   20   89.58  359.29   85.83   86.09    3.92  175.82   44.45  314.43  136.23    0.18    5.72   84.28  -30.56
   1   35   -10.0000   -36.0000   21.67881   96.01654     26.660     1.2828  9.47462e-02 -1.87926e-01  9.31794e-02  3.79776e-01  7.85916e-02  1.21275e+00   20  356.15   87.39   72.30   86.12  175.93   17.75  220.47  313.12   99.31    9.63   15.24   71.85   -7.52
   1   36   -10.0000   -24.0000   21.78638   96.00238     26.660     1.4426  6.53496e-03 -2.09444e-01  2.02909e-01  5.84321e-01  6.97264e-02  1.30096e+00   20  355.29   85.64   65.95   89.22  179.14   24.05  217.88  313.07   87.39   16.17   17.33   65.94    1.75
   1   37   -10.0000   -12.0000   21.89394   95.98822     26.660     1.6433 -8.02509e-02 -1.71335e-01  2.51586e-01  7.84828e-01  6.72840e-02  1.42604e+00   20  355.98  265.17   61.26   88.52 -178.31  -28.75  216.78  314.27   82.47   21.00   18.77   61.21    7.22
   1   38   -10.0000     0.0000   22.00150   95.97406     26.660     1.7896 -1.10845e-01 -1.13551e-01  2.24396e-01  9.25316e-01  8.52521e-02  1.51941e+00   20  356.97  265.95   58.57   88.34 -178.05  -31.44  216.87  315.90   83.24   22.91   20.38   58.52   10.44
   1   39   -10.0000    12.0000   22.10907   95.95990     26.660     1.7540 -4.28510e-02 -5.51279e-02  9.79789e-02  9.74904e-01  1.33030e-01  1.45363e+00   20  357.71   88.15   56.14   89.34  179.21   33.86  217.68  318.27   89.13   22.70   23.71   56.13   13.47
   1   40   -10.0000    24.0000   22.21663   95.94573     26.660     1.5477  3.28601e-02  1.79891e-03 -3.46590e-02  8.78378e-01  1.71995e-01  1.26905e+00   20  358.38   90.86   55.74   86.37  175.60   34.33  219.48  320.22   96.16   20.68   26.28   55.50   18.42
   1   41   -10.0000    36.0000   22.32419   95.93157     26.660     1.3566 -2.69383e-02  1.00507e-01 -7.35688e-02  8.65734e-01  1.84642e-01  1.04289e+00   20  359.67   91.42   50.94   87.85  177.22   39.10  218.60  322.91   94.07   24.77   28.18   50.85   30.86
   1   42   -10.0000    48.0000   22.43176   95.91741     26.660     1.0862 -1.71640e-03  1.18805e-01 -1.17088e-01  8.05650e-01  2.45899e-01  7.26838e-01   20  358.63   90.89   42.92   87.90  176.92   47.12  214.43  325.91   92.83   29.47   32.94   42.84   49.87
   1   43   -10.0000    60.0000   22.53932   95.90325     26.660     0.6243  4.03027e-02  1.92194e-01 -2.32497e-01  5.26890e-01  2.53892e-01  3.33027e-01   20    0.98   96.91   40.10   85.03  172.27   50.16  217.99  332.34  101.04   28.67   37.02   39.66   93.69
   1   44   -10.0000    72.0000   22.64688   95.88909     26.660     0.4027  7.14625e-02  2.19834e-01 -2.91296e-01  2.25935e-01  2.04991e-01  7.55901e-03   20  138.72   40.61   40.03   83.24   10.54  129.55  100.18  345.82  215.07   27.27   38.65   39.22    5.29
   1   45   -10.0000    84.0000   22.75444   95.87492     26.660     0.2528  5.26586e-02  8.22655e-02 -1.34924e-01  1.87890e-01  1.16675e-01  1.08516e-01   20  125.96   23.44   45.91   77.39   17.69  134.52   81.66  333.97  191.32   19.73   40.27   43.18   76.35
   2    1    -5.0000  -444.0000   18.01892   96.47402     22.330     0.2366 -8.70579e-02 -4.74967e-02  1.34555e-01 -4.34599e-05 -1.53020e-01  1.47519e-01   20  250.40  355.71   41.93   76.66  -20.20 -130.13  226.74  114.99    6.71   43.57   21.28   38.84   48.24
   2    2    -5.0000  -432.0000   18.12648   96.45986     22.330     0.4003 -1.67773e-01  2.40819e-02  1.43691e-01 -2.01107e-01 -3.00145e-01  7.09845e-02   20  196.25   32.99   13.17   77.37 -106.32  -86.24  307.94  119.85  212.17   57.47   32.27    3.67    2.64
   2    3    -5.0000  -420.0000   18.23404   96.44570     22.330     0.5504 -1.86645e-01  8.47205e-02  1.01925e-01 -3.85484e-01 -3.72712e-01 -3.24019e-02   20  217.93   45.56    6.55   83.50  -97.58  -89.13  316.55  134.78  225.46   51.49   38.50    0.86  -41.07
   2    4    -5.0000  -408.0000   18.34161   96.43153     22.330     0.6198 -2.19770e-01  1.73351e-01  4.64187e-02 -4.20658e-01 -4.19667e-01 -5.19618e-03   20  266.17   47.65    9.96   82.18  -51.91  -96.18  310.48  143.11   48.49   52.44   36.89    6.12  -32.91
   2    5    -5.0000  -396.0000   18.44917   96.41737     22.330     0.6181 -1.61246e-01  2.24856e-01 -6.36096e-02 -4.10674e-01 -4.03666e-01  1.03919e-01   20  283.88   46.46   15.44   81.54  -33.54 -102.97  301.60  147.67   48.40   51.78   35.28   12.82   10.40
   2    6    -5.0000  -384.0000   18.55673   96.40321     22.330     0.6599 -1.05010e-01  2.52901e-01 -1.47892e-01 -4.18430e-01 -4.04598e-01  3.00135e-01   20  288.81   37.06   24.46   81.90  -19.91 -113.15  282.50  146.40   40.51   48.02   32.96   22.91   60.68
   2    7    -5.0000  -372.0000   18.66430   96.38905     22.330     0.8829 -1.25721e-01  2.45318e-01 -1.19596e-01 -2.96991e-01 -3.69756e-01  7.56725e-01   20  279.54  186.60   65.30   83.65    6.99  155.14  235.51  140.36  353.18   12.55   21.94   64.39   56.08
   2    8    -5.0000  -360.0000   18.77186   96.37489     22.330     1.2000 -1.41100e-01  2.78054e-01 -1.36953e-01 -2.84063e-01 -2.89094e-01  1.12523e+00   20  276.35  184.33   77.25   81.12    9.11  167.10  230.70  139.96  330.34    2.68   15.38   74.38   37.74
   2    9    -5.0000  -348.0000   18.87942   96.36072     22.330     1.5029 -2.11486e-01  3.57274e-01 -1.45789e-01 -3.07728e-01 -2.54872e-01  1.43890e+00   20  184.31  275.60   81.37   81.58  171.49    8.73   49.94  139.97  319.24    0.15   12.10   77.90   35.97
   2   10    -5.0000  -336.0000   18.98699   96.34656     22.330     2.0707 -2.30112e-01  2.25476e-01  4.63632e-03 -1.21971e-01 -2.23996e-01  2.05454e+00   20  271.67  181.45   84.09   87.84    2.17  174.08  226.69  136.43  341.46    2.65    5.71   83.70   22.83
   2   11    -5.0000  -324.0000   19.09455   96.33240     22.330     2.3784 -2.81583e-01  1.81277e-01  1.00307e-01 -6.35271e-02 -1.91284e-01  2.37082e+00   20  270.53  180.48   85.50   89.32    0.68  175.50  225.59  135.42  351.94    2.70    3.66   85.45   22.88
   2   12    -5.0000  -312.0000   19.20211   96.31824     22.330     2.6695 -3.27371e-01  1.10377e-01  2.16994e-01 -5.23855e-03 -1.62823e-01  2.66452e+00   20  269.42  359.45   86.41   89.49   -0.51 -176.41  224.49  134.38    7.55    2.90    2.17   86.37   23.04
   2   13    -5.0000  -300.0000   19.30967   96.30408     22.330     3.0502 -3.20046e-01 -1.27774e-03  3.21324e-01  1.40268e-01 -7.04937e-02  3.04175e+00   20  358.53  268.43   87.12   88.16 -178.16   -2.89  223.46  313.50   55.94    3.34    0.74   86.58   19.45
   2   14    -5.0000  -288.0000   19.41724   96.28992     22.330     3.2867 -4.06118e-01  3.84474e-02  3.67671e-01  2.42438e-01 -8.90110e-02  3.27126e+00   20  358.65  268.45   85.36   87.51 -177.50   -4.64  223.48  313.61   60.28    5.04    1.51   84.73   22.29
   2   15    -5.0000  -276.0000   19.52480   96.27575     22.330     3.6119 -3.94977e-01 -4.50566e-02  4.40034e-01  4.64468e-01 -8.62892e-02  3.57027e+00   20  358.21  267.83   82.23   87.18 -177.16   -7.78  222.79  313.25   68.06    7.49    3.49   81.73   18.89
   2   16    -5.0000  -264.0000   19.63236   96.26159     22.330     3.6888 -3.54069e-01 -1.27045e-01  4.81114e-01  5.75432e-01 -1.00891e-01  3.62652e+00   20  357.82  267.30   80.69   86.85 -176.81   -9.33  222.22  312.90   68.80    8.82    4.33   80.16   15.71
   2   17    -5.0000  -252.0000   19.73993   96.24743     22.330     3.7563 -3.34933e-01 -2.30029e-01  5.64962e-01  7.01688e-01 -1.63926e-01  3.66031e+00   20  357.28  266.44   78.92   85.71 -175.63  -11.12  221.39  312.31   65.59   10.89    4.76   78.09   12.50
   2   18    -5.0000  -240.0000   19.84749   96.23327     22.330     3.9998 -4.52373e-01 -2.98936e-01  7.51309e-01  9.96196e-01 -1.84752e-01  3.82218e+00   20  356.74  265.26   75.07   84.46 -174.26  -15.00  220.13  311.83   65.44   14.50    6.54   74.03   13.80
   2   19    -5.0000  -228.0000   19.95505   96.21911     22.330     3.8398 -4.66143e-01 -3.14678e-01  7.80821e-01  1.05697e+00 -1.75052e-01  3.63241e+00   20  356.49  264.70   73.45   84.00 -173.74  -16.64  219.51  311.62   65.43   15.98    7.32   72.34   13.85
   2   20    -5.0000  -216.0000   20.06262   96.20494     22.330     3.7196 -5.20681e-01 -3.08971e-01  8.29652e-01  1.12082e+00 -2.05398e-01  3.47425e+00   20  356.41  264.01   71.71   82.78 -172.39  -18.44  218.90  311.41   63.35   18.11    7.64   70.24   14.22
   2   21    -5.0000  -204.0000   20.17018   96.19078     22.330     3.6714 -5.26576e-01 -2.99271e-01  8.25847e-01  1.11420e+00 -2.05031e-01  3.42536e+00   20  356.43  263.96   71.54   82.64 -172.24  -18.62  218.86  311.41   63.13   18.33    7.66   70.03   14.54
   2   22    -5.0000  -192.0000   20.27774   96.17662     22.330     3.3228 -5.22281e-01 -1.65130e-01  6.87411e-01  9.01967e-01 -1.73698e-01  3.14615e+00   20  357.06  264.91   73.19   82.92 -172.60  -16.95  219.92  311.98   62.88   16.96    6.74   71.67   19.19
   2   23    -5.0000  -180.0000   20.38531   96.16246     22.330     2.8463 -5.48637e-01  7.49236e-02  4.73713e-01  6.13312e-01 -1.96268e-01  2.74742e+00   20  358.79  266.80   75.81   82.18 -171.93  -14.33  222.15  313.39   58.77   15.64    4.43   73.72   26.67
   2   24    -5.0000  -168.0000   20.49287   96.14830     22.330     2.6062 -4.52335e-01  1.82455e-01  2.69880e-01  4.74602e-01 -1.70465e-01  2.54616e+00   20    0.11  268.72   78.05   83.46 -173.32  -12.02  223.97  314.85   60.61   13.11    3.78   76.34   25.81
   2   25    -5.0000  -156.0000   20.60043   96.13413     22.330     3.1142 -5.09598e-01  1.29949e-01  3.79650e-01  6.74890e-01 -1.73209e-01  3.01968e+00   20  359.47  267.92   76.23   83.70 -173.52  -13.85  223.01  314.34   63.94   14.23    5.20   74.81   23.39
   2   26    -5.0000  -144.0000   20.70799   96.11997     22.330     3.6543 -5.14720e-01 -7.17976e-02  5.86517e-01  9.08755e-01 -1.13032e-01  3.51068e+00   20  357.88  266.48   74.77   84.86 -174.67  -15.29  221.25  313.06   68.33   14.42    7.03   73.89   20.13
   2   27    -5.0000  -132.0000   20.81556   96.10581     22.330     4.0442 -5.32398e-01 -2.03623e-01  7.36021e-01  1.11237e+00 -1.34143e-01  3.84311e+00   20  357.19  265.55   73.31   84.53 -174.29  -16.77  220.23  312.44   68.00   15.69    7.80   72.39   17.07
   2   28    -5.0000  -120.0000   20.92312   96.09165     22.330     3.5763 -3.43381e-01 -2.44455e-01  5.87836e-01  8.33258e-01 -1.50155e-01  3.44282e+00   20  357.07  265.90   76.17   85.26 -175.11  -13.88  220.72  312.21   67.40   13.15    6.35   75.35   12.11
   2   29    -5.0000  -108.0000   21.03068   96.07749     22.330     3.2814 -2.15352e-01 -2.70743e-01  4.86095e-01  6.22433e-01 -2.21993e-01  3.18853e+00   20  357.11  266.08   78.97   84.76 -174.66  -11.08  221.17  312.00   61.06   11.53    4.05   77.76    6.47
   2   30    -5.0000   -96.0000   21.13825   96.06332     22.330     3.2685 -9.16727e-02 -3.43996e-01  4.35669e-01  5.80935e-01 -2.18765e-01  3.18506e+00   20  356.92  266.10   79.95   85.41 -175.33  -10.08  221.16  311.86   61.84   10.37    3.82   78.93    0.02
   2   31    -5.0000   -84.0000   21.24581   96.04916     22.330     2.9480  2.72388e-02 -3.11394e-01  2.84155e-01  2.88446e-01 -2.29835e-01  2.91090e+00   20  357.29  266.87   84.76   85.40 -175.38   -5.26  222.05  312.11   45.82    6.97    0.45   83.02   -4.83
   2   32    -5.0000   -72.0000   21.35337   96.03500     22.330     2.0783  3.59258e-01 -2.28969e-01 -1.30289e-01 -3.80259e-01 -8.16969e-02  2.03536e+00   20  178.91  269.93   78.26   85.10  175.00   11.78   43.93  134.93  292.19    4.79   11.78   77.26  -27.73
   2   33    -5.0000   -60.0000   21.46094   96.02084     22.330     2.0691  4.07500e-01 -2.34933e-01 -1.72567e-01 -2.23137e-01  3.15342e-02  2.05681e+00   20  179.56  269.68   83.52   89.00  179.00    6.48   44.44  134.80  278.37    3.87    5.28   83.44  -35.84
   2   34    -5.0000   -48.0000   21.56850   96.00668     22.330     2.0943  3.30774e-01 -2.29962e-01 -1.00813e-01  1.51835e-01  9.27661e-02  2.08391e+00   20  358.96   89.28   84.97   86.38  176.36    5.04  224.07  314.18  124.93    0.99    6.12   83.80  -27.81
   2   35    -5.0000   -36.0000   21.67606   95.99251     22.330     2.4762  1.70490e-01 -3.19463e-01  1.48973e-01  6.60174e-01  1.46759e-01  2.36750e+00   20  356.69   87.77   74.11   86.21  176.06   15.93  221.20  313.31  100.80    8.45   13.91   73.64   -7.28
   2   36    -5.0000   -24.0000   21.78363   95.97835     22.330     2.9290 -4.65654e-02 -3.57831e-01  4.04396e-01  1.15773e+00  1.19642e-01  2.66101e+00   20  355.84   85.85   66.60   89.97  179.97   23.40  218.39  313.30   85.92   16.29   16.33   66.60    4.23
   2   37    -5.0000   -12.0000   21.89119   95.96419     22.330     3.3035 -2.27056e-01 -2.74611e-01  5.01667e-01  1.55746e+00  1.20062e-01  2.88183e+00   20  356.48  265.30   61.57   87.82 -177.52  -28.45  217.17  314.47   81.29   21.31   18.04   61.47    9.65
   2   38    -5.0000     0.0000   21.99875   95.95003     22.330     3.4786 -2.49444e-01 -1.86096e-01  4.35540e-01  1.77332e+00  1.61175e-01  2.97019e+00   20  357.20  266.02   59.01   88.04 -177.71  -31.01  217.14  315.90   82.76   22.85   19.87   58.93   11.79
   2   39    -5.0000    12.0000   22.10631   95.93587     22.330     3.3162 -9.11512e-02 -1.02050e-01  1.93201e-01  1.80698e+00  2.47868e-01  2.77223e+00   20  357.74   88.13   56.89   89.41  179.29   33.12  217.92  318.02   89.04   22.27   23.18   56.88   13.58
   2   40    -5.0000    24.0000   22.21388   95.92171     22.330     2.9734 -2.64109e-02  5.12446e-02 -2.48338e-02  1.68603e+00  3.11652e-01  2.44469e+00   20  358.76   90.38   55.72   87.63  177.13   34.31  219.31  320.13   93.85   21.65   25.31   55.62   20.22
   2   41    -5.0000    36.0000   22.32144   95.90754     22.330     2.5109 -8.93678e-02  2.20970e-01 -1.31602e-01  1.60337e+00  3.43645e-01  1.93066e+00   20    0.00   91.30   50.84   88.40  177.94   39.18  218.61  323.02   93.26   25.27   27.79   50.79   32.46
   2   42    -5.0000    48.0000   22.42900   95.89338     22.330     1.9581 -7.75554e-03  2.66645e-01 -2.58890e-01  1.41257e+00  4.39363e-01  1.35092e+00   20  359.65   92.53   45.40   87.09  175.91   44.67  217.03  326.08   95.47   27.43   32.17   45.25   51.19
   2   43    -5.0000    60.0000   22.53657   95.87922     22.330     1.1502  4.37222e-02  3.98414e-01 -4.42137e-01  9.31422e-01  4.59100e-01  6.49212e-01   20    5.88  105.99   53.94   76.45  163.15   37.27  231.53  332.21  123.11   14.51   35.59   50.68   92.09
   2   44    -5.0000    72.0000   22.64413   95.86506     22.330     0.7570  9.85820e-02  4.30918e-01 -5.29500e-01  4.50645e-01  3.65039e-01  6.57822e-02   20  136.41   40.03   40.91   84.50    8.42  130.60   98.67  345.23  215.33   27.81   37.02   40.38   21.38
   2   45    -5.0000    84.0000   22.75169   95.85090     22.330     0.4706  8.32080e-02  1.78902e-01 -2.62110e-01  3.42740e-01  2.19188e-01  1.81431e-01   20  128.30   27.94   42.57   80.62   13.94  131.72   86.95  335.51  199.67   23.92   39.49   41.04   70.92
   3    1     0.0000  -444.0000   18.01617   96.44999     18.000     0.2731 -1.30137e-01 -8.84743e-03  1.38984e-01 -1.04074e-01 -2.02187e-01  7.75244e-02   20  196.99   26.99   17.00   73.24  -99.57  -87.09  301.32  114.65  206.15   61.65   28.19    2.79   28.09
   3    2     0.0000  -432.0000   18.12373   96.43583     18.000     0.5478 -2.34938e-01  6.31494e-02  1.71789e-01 -3.13051e-01 -4.00781e-01  3.14505e-02   20  192.46   36.10   11.69   79.27 -113.20  -85.34  311.92  122.12  215.23   55.50   34.11    4.58  -24.54
   3    3     0.0000  -420.0000   18.23129   96.42167     18.000     0.7911 -2.65442e-01  1.58633e-01  1.06809e-01 -5.82919e-01 -5.12777e-01 -1.15253e-01   20  265.34   50.71    6.46   84.67  -55.54  -93.67  316.66  144.08   51.05   50.20   39.57    3.65  -53.08
   3    4     0.0000  -408.0000   18.33886   96.40751     18.000     0.9048 -2.88537e-01  2.54637e-01  3.39000e-02 -6.51352e-01 -5.80016e-01 -3.06347e-02   20  278.86   51.23   10.25   83.05  -42.83  -97.55  312.66  147.97   52.15   51.38   37.61    7.50  -31.45
   3    5     0.0000  -396.0000   18.44642   96.39334     18.000     0.9268 -2.40070e-01  3.50472e-01 -1.10402e-01 -6.48966e-01 -5.73942e-01  1.12286e-01   20  288.32   49.79   15.34   81.85  -32.40 -103.04  304.95  151.11   51.67   51.46   35.57   12.91    6.68
   3    6     0.0000  -384.0000   18.55398   96.37918     18.000     0.9709 -2.07322e-01  4.10157e-01 -2.02835e-01 -6.19131e-01 -5.69115e-01  4.49919e-01   20  285.69   39.50   23.92   79.84  -25.77 -111.78  285.18  147.41   43.53   50.45   31.44   21.42   61.42
   3    7     0.0000  -372.0000   18.66154   96.36502     18.000     1.2420 -2.39185e-01  4.16168e-01 -1.76983e-01 -4.77576e-01 -5.25868e-01  1.04365e+00   20  281.02  188.31   64.29   84.38    6.24  154.16  237.38  141.68  356.87   13.74   22.08   63.60   65.89
   3    8     0.0000  -360.0000   18.76911   96.35086     18.000     1.6959 -2.27754e-01  4.29830e-01 -2.02076e-01 -4.34921e-01 -4.18287e-01  1.57930e+00   20  276.86  184.69   77.18   80.58    9.67  167.00  231.10  140.43  329.36    2.36   15.83   73.99   41.83
   3    9     0.0000  -348.0000   18.87667   96.33670     18.000     2.1563 -3.19436e-01  5.07050e-01 -1.87614e-01 -4.31738e-01 -3.64985e-01  2.06908e+00   20  184.15  275.38   81.65   81.66  171.57    8.44   49.76  139.77  319.72    0.01   11.84   78.16   36.86
   3   10     0.0000  -336.0000   18.98423   96.32253     18.000     2.8998 -3.65996e-01  3.64176e-01  1.82076e-03 -1.99575e-01 -3.13872e-01  2.87446e+00   20  271.96  181.70   84.19   87.42    2.59  174.18  226.95  136.71  337.90    2.28    5.94   83.64   25.79
   3   11     0.0000  -324.0000   19.09180   96.30837     18.000     3.3796 -3.90605e-01  2.56786e-01  1.33819e-01 -7.74221e-02 -2.56172e-01  3.37011e+00   20  270.56  180.52   85.73   89.48    0.52  175.73  225.61  135.46  353.54    2.64    3.39   85.70   22.27
   3   12     0.0000  -312.0000   19.19936   96.29421     18.000     3.9338 -4.14877e-01  1.00453e-01  3.14424e-01  7.17158e-02 -1.83456e-01  3.92754e+00   20  269.19  359.26   87.09   88.54   -1.46 -177.08  224.25  134.20   25.88    3.10    1.03   86.74   19.65
   3   13     0.0000  -300.0000   19.30692   96.28005     18.000     4.3130 -4.22734e-01 -1.21318e-03  4.23947e-01  2.00046e-01 -8.14937e-02  4.30225e+00   20  358.62  268.54   87.14   88.44 -178.44   -2.86  223.56  313.61   59.92    3.12    0.92   86.74   18.27
   3   14     0.0000  -288.0000   19.41449   96.26589     18.000     4.6487 -5.03151e-01  6.79163e-03  4.96359e-01  3.14559e-01 -9.45923e-02  4.62978e+00   20  358.55  268.41   85.85   88.07 -178.07   -4.16  223.42  313.54   63.58    4.30    1.57   85.42   19.84
   3   15     0.0000  -276.0000   19.52205   96.25172     18.000     5.1770 -5.20865e-01 -1.12575e-01  6.33440e-01  6.83228e-01 -9.21936e-02  5.11475e+00   20  358.05  267.71   82.11   87.58 -177.56   -7.89  222.63  313.13   70.79    7.29    3.85   81.75   17.57
   3   16     0.0000  -264.0000   19.62961   96.23756     18.000     5.2620 -4.86400e-01 -2.20665e-01  7.07065e-01  8.16768e-01 -1.64055e-01  5.17046e+00   20  357.67  267.13   80.75   86.67 -176.63   -9.27  222.07  312.72   67.55    8.90    4.17   80.16   14.86
   3   17     0.0000  -252.0000   19.73718   96.22340     18.000     5.4035 -5.19810e-01 -3.34535e-01  8.54345e-01  1.03645e+00 -2.51216e-01  5.25531e+00   20  357.19  266.25   78.57   85.38 -175.28  -11.47  221.23  312.20   64.59   11.37    4.77   77.64   13.33
   3   18     0.0000  -240.0000   19.84474   96.20924     18.000     5.5343 -6.40192e-01 -3.92765e-01  1.03296e+00  1.31449e+00 -2.82329e-01  5.30498e+00   20  356.82  265.36   75.72   84.27 -174.09  -14.35  220.31  311.83   64.05   14.18    5.96   74.57   14.33
   3   19     0.0000  -228.0000   19.95230   96.19508     18.000     5.4569 -7.00957e-01 -4.31375e-01  1.13233e+00  1.49625e+00 -2.77296e-01  5.15926e+00   20  356.53  264.62   73.44   83.58 -173.30  -16.67  219.51  311.57   64.14   16.30    7.04   72.17   14.51
   3   20     0.0000  -216.0000   20.05986   96.18091     18.000     5.3357 -7.51199e-01 -4.32415e-01  1.18361e+00  1.62541e+00 -2.76297e-01  4.98056e+00   20  356.44  264.05   71.50   82.90 -172.51  -18.65  218.89  311.49   63.94   18.17    7.88   70.09   14.54
   3   21     0.0000  -204.0000   20.16743   96.16675     18.000     5.1208 -7.39054e-01 -3.81557e-01  1.12061e+00  1.53822e+00 -2.70083e-01  4.78985e+00   20  356.59  264.20   71.69   82.83 -172.45  -18.46  219.08  311.61   63.71   18.08    7.70   70.24   15.30
   3   22     0.0000  -192.0000   20.27499   96.15259     18.000     4.5250 -7.29555e-01 -1.73504e-01  9.03059e-01  1.16685e+00 -2.68560e-01  4.30466e+00   20  357.36  265.23   73.91   82.67 -172.37  -16.23  220.35  312.17   61.55   16.63    6.07   72.23   19.97
   3   23     0.0000  -180.0000   20.38255   96.13843     18.000     3.8877 -7.22101e-01  1.12355e-01  6.09746e-01  8.04954e-01 -2.67438e-01  3.76409e+00   20  358.90  267.08   76.42   82.49 -172.27  -13.70  222.41  313.54   58.89   14.98    4.23   74.41   26.07
   3   24     0.0000  -168.0000   20.49012   96.12427     18.000     3.8789 -6.48893e-01  1.97352e-01  4.51542e-01  7.67995e-01 -2.57582e-01  3.77470e+00   20  359.70  268.17   77.21   83.29 -173.12  -12.88  223.40  314.45   61.10   13.84    4.24   75.50   23.97
   3   25     0.0000  -156.0000   20.59768   96.11011     18.000     4.5706 -7.41197e-01  1.39429e-01  6.01769e-01  1.03199e+00 -2.49160e-01  4.41989e+00   20  359.19  267.56   75.73   83.64 -173.44  -14.36  222.63  314.07   64.16   14.63    5.51   74.32   22.78
   3   26     0.0000  -144.0000   20.70524   96.09594     18.000     5.3688 -7.53786e-01 -1.22969e-01  8.76755e-01  1.42009e+00 -1.64539e-01  5.13210e+00   20  357.83  266.29   73.83   84.70 -174.48  -16.24  221.00  313.07   68.70   15.20    7.56   72.94   19.44
   3   27     0.0000  -132.0000   20.81281   96.08178     18.000     5.6870 -7.42951e-01 -2.68071e-01  1.01102e+00  1.53029e+00 -1.86502e-01  5.41747e+00   20  357.28  265.71   73.68   84.66 -174.43  -16.40  220.41  312.52   68.15   15.34    7.64   72.78   17.25
   3   28     0.0000  -120.0000   20.92037   96.06762     18.000     5.6553 -5.35563e-01 -4.71417e-01  1.00698e+00  1.48976e+00 -1.93715e-01  5.39020e+00   20  356.66  265.36   74.40   85.36 -175.18  -15.65  220.01  311.97   69.24   14.32    7.64   73.69   11.27
   3   29     0.0000  -108.0000   21.02793   96.05346     18.000     5.0016 -3.75801e-01 -4.49892e-01  8.25693e-01  1.08849e+00 -2.97576e-01  4.82368e+00   20  356.79  265.61   77.29   84.80 -174.67  -12.77  220.59  311.78   63.82   12.69    5.25   76.23    7.56
   3   30     0.0000   -96.0000   21.13550   96.03930     18.000     4.6386 -1.73242e-01 -4.80898e-01  6.54140e-01  8.26559e-01 -3.06154e-01  4.51728e+00   20  356.84  265.99   79.87   85.30 -175.23  -10.17  221.06  311.76   61.45   10.51    3.81   78.81    1.80
   3   31     0.0000   -84.0000   21.24306   96.02513     18.000     4.2288  1.65955e-02 -4.56831e-01  4.40235e-01  4.84489e-01 -2.89821e-01  4.16861e+00   20  357.16  266.70   83.74   85.86 -175.84   -6.28  221.83  312.03   53.46    7.36    1.50   82.48   -4.00
   3   32     0.0000   -72.0000   21.35062   96.01097     18.000     3.0121  4.66135e-01 -3.57274e-01 -1.08861e-01 -4.25645e-01 -1.09828e-01  2.97289e+00   20  178.56  269.17   80.99   86.12  176.07    9.03   43.58  134.16  292.22    3.61    9.13   80.18  -26.10
   3   33     0.0000   -60.0000   21.45818   95.99681     18.000     2.9658  5.39655e-01 -3.31740e-01 -2.07915e-01 -2.60661e-01  4.39650e-02  2.95411e+00   20  179.41  269.45   84.83   89.49  179.48    5.17   44.32  134.55  275.11    3.29    4.02   84.80  -33.46
   3   34     0.0000   -48.0000   21.56575   95.98265     18.000     3.1106  4.43172e-01 -3.34378e-01 -1.08794e-01  2.43796e-01  1.07377e-01  3.09531e+00   20  358.84   89.11   84.86   87.04  177.03    5.15  223.90  314.05  118.91    1.54    5.73   84.06  -25.36
   3   35     0.0000   -36.0000   21.67331   95.96849     18.000     3.4888  2.30500e-01 -3.87796e-01  1.57297e-01  7.96517e-01  1.82171e-01  3.37740e+00   20  357.32   88.16   76.43   86.52  176.42   13.60  221.99  313.51  102.24    7.07   12.05   75.97   -8.08
   3   36     0.0000   -24.0000   21.78087   95.95432     18.000     4.1614 -1.03699e-01 -4.09655e-01  5.13354e-01  1.53060e+00  1.43736e-01  3.84009e+00   20  356.52  266.45   68.33   89.82 -179.81  -21.67  219.38  313.58   85.99   15.27   15.01   68.32    5.60
   3   37     0.0000   -12.0000   21.88844   95.94016     18.000     4.7692 -3.41289e-01 -3.51634e-01  6.92923e-01  2.15971e+00  1.39563e-01  4.21281e+00   20  356.81  265.62   62.79   87.67 -177.38  -27.24  217.82  314.47   81.10   20.61   17.13   62.67    9.81
   3   38     0.0000     0.0000   21.99600   95.92600     18.000     4.9496 -4.04401e-01 -2.18014e-01  6.22415e-01  2.43067e+00  1.88398e-01  4.28183e+00   20  357.50  266.12   60.21   87.59 -177.23  -29.82  217.69  315.74   81.93   22.40   18.76   60.09   12.35
   3   39     0.0000    12.0000   22.10356   95.91184     18.000     4.6782 -2.09987e-01 -1.05660e-01  3.15647e-01  2.47835e+00  3.00801e-01  3.95760e+00   20  358.03  267.90   57.86   89.78 -179.75  -32.14  218.21  317.70   87.56   22.26   21.93   57.86   13.72
   3   40     0.0000    24.0000   22.21113   95.89768     18.000     4.1676 -1.49481e-01  1.27065e-01  2.24157e-02  2.33932e+00  3.92843e-01  3.44748e+00   20  359.15   89.93   55.99   88.84  178.60   34.02  219.27  319.95   91.65   22.41   24.20   55.96   20.93
   3   41     0.0000    36.0000   22.31869   95.88351     18.000     3.3841 -1.78960e-01  3.61436e-01 -1.82476e-01  2.15070e+00  4.75815e-01  2.61113e+00   20    0.43   91.33   51.02   88.88  178.55   38.98  218.86  323.13   92.72   25.52   27.30   51.00   34.88
   3   42     0.0000    48.0000   22.42625   95.86935     18.000     2.5730 -6.11345e-02  4.55546e-01 -3.94412e-01  1.79020e+00  5.50302e-01  1.83582e+00   20    1.22   94.04   48.05   86.87  175.79   42.03  219.71  326.37   97.51   25.72   30.75   47.88   51.83
   3   43     0.0000    60.0000   22.53382   95.85519     18.000     1.6587  6.40480e-03  5.87934e-01 -5.94339e-01  1.26851e+00  5.91161e-01  1.01692e+00   20    5.93  104.25   53.87   78.78  166.06   36.95  230.30  331.48  118.76   16.22   33.68   51.62   84.43
   3   44     0.0000    72.0000   22.64138   95.84103     18.000     1.0744  4.81446e-02  6.41555e-01 -6.89699e-01  6.76525e-01  4.90252e-01  2.57492e-01   20  130.75   36.91   42.55   86.49    5.20  132.43   94.03  342.21  213.71   28.53   34.35   42.33   44.80
   3   45     0.0000    84.0000   22.74894   95.82687     18.000     0.6513  6.64928e-02  3.06283e-01 -3.72776e-01  4.52036e-01  3.00137e-01  2.42043e-01   20  127.68   30.50   42.78   83.40    9.74  132.37   88.49  337.06  204.51   25.96   36.89   42.02   64.79
   4    1     5.0000  -444.0000   18.01341   96.42596     13.670     0.3261 -1.50664e-01  2.12798e-02  1.29385e-01 -1.91151e-01 -2.28639e-01  2.76918e-03   20  174.93   35.23   14.78   78.62 -129.35  -80.50  317.09  117.23  213.34   55.41   32.97    9.31  -32.13
   4    2     5.0000  -432.0000   18.12098   96.41180     13.670     0.7060 -2.78355e-01  1.35345e-01  1.43010e-01 -5.04686e-01 -4.71505e-01 -1.26407e-01   20  232.69   47.33    5.98   84.05  -84.67  -90.56  316.70  137.83   47.38   50.95   39.04    0.55  -63.32
   4    3     5.0000  -420.0000   18.22854   96.39764     13.670     1.0226 -3.33118e-01  2.46178e-01  8.69399e-02 -7.87683e-01 -6.13428e-01 -2.20027e-01   20  301.42   58.01   11.13   84.97  -27.03  -99.94  317.27  157.07   58.89   49.10   39.18    9.90  -57.70
   4    4     5.0000  -408.0000   18.33610   96.38348     13.670     1.1224 -3.76840e-01  3.46884e-01  2.99567e-02 -8.08892e-01 -7.04666e-01 -2.21921e-02   20  280.30   52.17   11.43   82.31  -42.44  -98.49  312.42  149.66   53.31   51.97   36.76    8.41  -29.15
   4    5     5.0000  -396.0000   18.44367   96.36931     13.670     1.2099 -3.43051e-01  4.97669e-01 -1.54618e-01 -8.64484e-01 -7.15714e-01  9.64064e-02   20  291.67   52.49   16.38   81.43  -31.87 -104.02  306.48  154.56   54.62   51.60   34.96   13.86    1.07
   4    6     5.0000  -384.0000   18.55123   96.35515     13.670     1.2153 -3.09048e-01  5.47380e-01 -2.38331e-01 -7.58698e-01 -6.93310e-01  5.88177e-01   20  283.36   39.92   24.62   78.42  -28.80 -111.88  284.75  147.64   44.53   51.70   30.06   21.41   62.31
   4    7     5.0000  -372.0000   18.65879   96.34099     13.670     1.5543 -3.38029e-01  5.55369e-01 -2.17340e-01 -5.86715e-01 -6.39811e-01  1.31407e+00   20  281.06  188.78   64.71   85.17    5.34  154.62  237.59  142.03  358.72   14.03   21.20   64.19   67.25
   4    8     5.0000  -360.0000   18.76636   96.32683     13.670     2.1321 -3.46191e-01  5.79794e-01 -2.33603e-01 -5.15113e-01 -5.26242e-01  1.99221e+00   20  276.87  185.01   77.07   81.93    8.29  166.94  231.38  140.48  333.82    3.38   14.92   74.68   44.67
   4    9     5.0000  -348.0000   18.87392   96.31267     13.670     2.7272 -4.08944e-01  6.11826e-01 -2.02882e-01 -4.97912e-01 -4.46759e-01  2.63140e+00   20  274.95  183.87   81.86   82.49    7.59  171.79  229.46  139.37  321.71    0.44   11.10   78.89   36.02
   4   10     5.0000  -336.0000   18.98148   96.29850     13.670     3.5333 -4.58661e-01  4.76839e-01 -1.81780e-02 -2.75351e-01 -3.73387e-01  3.49999e+00   20  272.19  181.89   84.42   86.91    3.10  174.42  227.14  136.95  333.02    1.75    6.13   83.62   26.67
   4   11     5.0000  -324.0000   19.08905   96.28434     13.670     4.2060 -4.83166e-01  3.25408e-01  1.57758e-01 -8.94945e-02 -2.92719e-01  4.19595e+00   20  270.60  180.57   86.08   89.50    0.50  176.08  225.65  135.52  353.35    2.42    3.12   86.05   22.08
   4   12     5.0000  -312.0000   19.19661   96.27018     13.670     5.0094 -4.96380e-01  9.38173e-02  4.02562e-01  1.92335e-01 -1.85700e-01  4.99961e+00   20  359.17  269.06   87.47   87.47 -177.47   -2.54  224.12  314.12   44.21    3.58    0.01   86.42   18.27
   4   13     5.0000  -300.0000   19.30417   96.25602     13.670     5.3643 -4.81887e-01 -1.61738e-02  4.98061e-01  2.48524e-01 -9.22078e-02  5.35158e+00   20  358.66  268.59   87.18   88.58 -178.58   -2.82  223.60  313.65   61.84    3.00    0.99   86.84   16.82
   4   14     5.0000  -288.0000   19.41173   96.24186     13.670     5.8222 -5.71461e-01 -4.20801e-02  6.13542e-01  4.08495e-01 -8.22680e-02  5.79744e+00   20  358.43  268.32   85.78   88.47 -178.46   -4.22  223.30  313.44   68.41    4.07    1.90   85.51   18.15
   4   15     5.0000  -276.0000   19.51930   96.22770     13.670     6.4134 -6.39249e-01 -1.52217e-01  7.91465e-01  8.29572e-01 -1.06010e-01  6.33819e+00   20  358.00  267.68   82.28   87.69 -177.66   -7.73  222.60  313.07   71.11    7.10    3.81   81.94   17.50
   4   16     5.0000  -264.0000   19.62686   96.21353     13.670     6.6289 -6.05989e-01 -3.25415e-01  9.31404e-01  1.07043e+00 -2.14474e-01  6.50223e+00   20  357.49  266.91   80.39   86.54 -176.49   -9.63  221.84  312.55   67.33    9.25    4.32   79.77   14.42
   4   17     5.0000  -252.0000   19.73442   96.19937     13.670     6.7971 -6.82210e-01 -4.38652e-01  1.12086e+00  1.33339e+00 -3.34252e-01  6.59875e+00   20  357.09  266.07   78.28   85.10 -175.00  -11.77  221.07  312.07   63.77   11.78    4.78   77.27   13.67
   4   18     5.0000  -240.0000   19.84199   96.18521     13.670     6.8017 -7.79145e-01 -4.88235e-01  1.26738e+00  1.58566e+00 -3.65299e-01  6.52620e+00   20  356.82  265.36   75.99   84.19 -174.02  -14.08  220.36  311.79   63.41   14.05    5.72   74.79   14.11
   4   19     5.0000  -228.0000   19.94955   96.17105     13.670     6.8883 -9.05741e-01 -5.37266e-01  1.44301e+00  1.92382e+00 -3.46124e-01  6.50054e+00   20  356.54  264.55   73.10   83.48 -173.19  -17.01  219.43  311.59   64.21   16.61    7.20   71.82   14.77
   4   20     5.0000  -216.0000   20.05711   96.15689     13.670     6.6544 -9.58720e-01 -5.03482e-01  1.46220e+00  2.02699e+00 -3.18797e-01  6.21643e+00   20  356.53  264.17   71.44   83.02 -172.63  -18.71  218.98  311.61   64.43   18.12    8.00   70.08   15.52
   4   21     5.0000  -204.0000   20.16468   96.14272     13.670     6.2120 -9.00801e-01 -4.19761e-01  1.32056e+00  1.83757e+00 -3.21187e-01  5.82684e+00   20  356.76  264.45   71.94   82.95 -172.58  -18.21  219.32  311.78   63.98   17.82    7.61   70.52   15.88
   4   22     5.0000  -192.0000   20.27224   96.12856     13.670     5.4711 -9.01680e-01 -1.50591e-01  1.05227e+00  1.39085e+00 -3.42996e-01  5.21367e+00   20  357.65  265.49   74.05   82.51 -172.21  -16.10  220.65  312.42   61.17   16.65    5.86   72.29   20.51
   4   23     5.0000  -180.0000   20.37980   96.11440     13.670     4.7453 -8.32930e-01  1.28355e-01  7.04576e-01  9.70920e-01 -3.20899e-01  4.60125e+00   20  358.95  267.25   76.72   82.83 -172.63  -13.38  222.53  313.64   59.56   14.52    4.25   74.85   24.70
   4   24     5.0000  -168.0000   20.48737   96.10024     13.670     4.8957 -8.39373e-01  2.30163e-01  6.09210e-01  9.49336e-01 -3.50648e-01  4.76391e+00   20  359.56  267.97   77.36   82.93 -172.76  -12.74  223.27  314.24   59.42   13.99    3.88   75.46   24.38
   4   25     5.0000  -156.0000   20.59493   96.08608     13.670     5.8477 -9.38860e-01  1.21171e-01  8.17690e-01  1.37429e+00 -3.02930e-01  5.63945e+00   20  358.93  267.26   75.23   83.67 -173.45  -14.87  222.28  313.86   64.70   14.97    5.87   73.87   22.27
   4   26     5.0000  -144.0000   20.70249   96.07191     13.670     6.8984 -9.63519e-01 -1.76097e-01  1.13962e+00  1.88836e+00 -1.96576e-01  6.57479e+00   20  357.77  266.18   73.29   84.72 -174.48  -16.78  220.83  313.06   69.21   15.57    7.94   72.43   19.13
   4   27     5.0000  -132.0000   20.81005   96.05775     13.670     7.2714 -9.20386e-01 -3.63089e-01  1.28347e+00  2.01136e+00 -2.06431e-01  6.91293e+00   20  357.23  265.69   73.28   84.90 -174.67  -16.79  220.30  312.55   69.27   15.45    8.08   72.47   16.72
   4   28     5.0000  -120.0000   20.91762   96.04359     13.670     7.5513 -7.74513e-01 -6.37302e-01  1.41181e+00  2.11412e+00 -2.38191e-01  7.15394e+00   20  356.55  265.09   73.35   85.14 -174.93  -16.71  219.67  311.92   69.35   15.22    8.21   72.62   12.10
   4   29     5.0000  -108.0000   21.02518   96.02943     13.670     6.5617 -5.13309e-01 -6.33238e-01  1.14655e+00  1.54360e+00 -3.39290e-01  6.29576e+00   20  356.55  265.32   76.24   84.99 -174.84  -13.82  220.19  311.64   65.77   13.30    6.11   75.32    7.95
   4   30     5.0000   -96.0000   21.13274   96.01527     13.670     5.7478 -2.41001e-01 -5.94093e-01  8.35094e-01  1.00649e+00 -3.64269e-01  5.59977e+00   20  356.76  265.95   80.00   85.38 -175.31  -10.03  221.01  311.70   61.45   10.35    3.77   78.97    2.93
   4   31     5.0000   -84.0000   21.24031   96.00110     13.670     5.2339 -3.22716e-02 -5.47851e-01  5.80122e-01  6.32709e-01 -3.25193e-01  5.15597e+00   20  357.11  266.65   83.29   86.11 -176.09   -6.72  221.75  312.01   56.75    7.50    1.99   82.24   -1.98
   4   32     5.0000   -72.0000   21.34787   95.98694     13.670     3.9992  4.67588e-01 -4.89956e-01  2.23688e-02 -2.32396e-01 -1.18561e-01  3.98177e+00   20  178.09  268.24   86.23   87.76  177.76    3.77   43.13  133.21  298.87    1.08    4.25   85.62  -21.35
   4   33     5.0000   -60.0000   21.45543   95.97278     13.670     3.6744  6.61316e-01 -4.21327e-01 -2.39989e-01 -2.85968e-01  4.26783e-02  3.66265e+00   20  179.29  269.34   85.40   89.48  179.48    4.60   44.22  134.41  275.80    2.88    3.62   85.37  -33.07
   4   34     5.0000   -48.0000   21.56300   95.95862     13.670     3.8930  5.07751e-01 -3.64050e-01 -1.43702e-01  2.55939e-01  1.18588e-01  3.87985e+00   20  359.10   89.29   85.73   87.49  177.49    4.28  224.14  314.25  119.61    1.25    4.79   85.05  -23.58
   4   35     5.0000   -36.0000   21.67056   95.94446     13.670     4.4008  2.46191e-01 -4.05244e-01  1.59054e-01  9.06703e-01  1.83671e-01  4.29086e+00   20  357.85   88.46   77.85   87.19  177.13   12.17  222.55  313.78  101.26    6.56   10.57   77.52   -7.45
   4   36     5.0000   -24.0000   21.77812   95.93029     13.670     5.1590 -1.99283e-01 -3.61201e-01  5.60484e-01  1.76176e+00  1.49785e-01  4.82536e+00   20  357.25  267.08   69.94   89.53 -179.50  -20.06  220.37  313.95   85.78   14.38   13.69   69.94    7.85
   4   37     5.0000   -12.0000   21.88569   95.91613     13.670     6.0381 -4.76340e-01 -3.63786e-01  8.40127e-01  2.59475e+00  1.26133e-01  5.40976e+00   20  357.22  265.95   64.25   87.36 -177.07  -25.78  218.56  314.48   80.50   19.87   15.94   64.09   10.60
   4   38     5.0000     0.0000   21.99325   95.90197     13.670     6.1441 -5.80525e-01 -1.94247e-01  7.74772e-01  2.89227e+00  1.68596e-01  5.38576e+00   20  357.88  266.24   61.47   86.99 -176.57  -28.57  218.29  315.61   80.73   22.01   17.49   61.29   13.11
   4   39     5.0000    12.0000   22.10081   95.88781     13.670     5.7923 -3.88801e-01 -6.61349e-02  4.54936e-01  2.98039e+00  3.02189e-01  4.95400e+00   20  358.38  267.61   58.78   88.74 -178.53  -31.23  218.48  317.39   85.54   22.46   20.55   58.75   14.35
   4   40     5.0000    24.0000   22.20837   95.87365     13.670     5.1233 -3.22328e-01  2.14189e-01  1.08139e-01  2.85339e+00  4.30656e-01  4.25481e+00   20  359.47  269.40   56.09   89.91 -179.89  -33.91  219.12  319.74   89.26   23.31   23.16   56.09   21.68
   4   41     5.0000    36.0000   22.31594   95.85949     13.670     3.9968 -2.93252e-01  5.06280e-01 -2.13028e-01  2.49900e+00  5.40657e-01  3.11660e+00   20    1.03   91.39   51.66   89.53  179.41   38.34  219.36  323.14   91.98   25.65   26.38   51.66   35.93
   4   42     5.0000    48.0000   22.42350   95.84532     13.670     3.1438 -1.98732e-01  6.57405e-01 -4.58673e-01  2.11374e+00  6.14601e-01  2.31013e+00   20    2.44   94.11   49.53   88.04  177.43   40.49  220.78  326.23   96.41   25.77   28.89   49.47   51.18
   4   43     5.0000    60.0000   22.53106   95.83116     13.670     2.1796 -8.66553e-02  7.55613e-01 -6.68958e-01  1.56543e+00  6.70035e-01  1.45575e+00   20    5.47  101.33   53.06   82.26  170.30   37.34  227.88  330.17  111.35   19.25   31.35   51.98   75.85
   4   44     5.0000    72.0000   22.63863   95.81700     13.670     1.3544 -2.28291e-02  7.86971e-01 -7.64142e-01  9.02458e-01  5.65964e-01  5.74331e-01   20  124.47   30.25   47.40   85.43    6.22  137.24   85.32  338.16  205.33   24.98   32.34   47.04   68.23
   4   45     5.0000    84.0000   22.74619   95.80284     13.670     0.8289 -1.51531e-02  4.66395e-01 -4.51242e-01  5.56420e-01  3.74615e-01  3.23830e-01   20  125.30   33.02   42.55   87.91    3.09  132.51   89.66  337.82  211.11   29.68   33.14   42.47   65.42
   5    1    10.0000  -444.0000   18.01066   96.40193      9.340     0.3929 -1.62002e-01  3.34037e-02  1.28598e-01 -2.67852e-01 -2.63028e-01 -3.84055e-02   20  174.26   40.54   11.58   81.94 -135.69  -81.66  320.22  123.22  219.37   52.36   36.41    8.26  -51.14
   5    2    10.0000  -432.0000   18.11823   96.38777      9.340     0.8965 -3.02023e-01  1.91802e-01  1.10221e-01 -7.00386e-01 -5.27432e-01 -2.67922e-01   20  311.84   61.78   13.18   85.43  -20.44 -102.38  318.65  163.06   62.78   48.14   39.21   12.34  -69.61
   5    3    10.0000  -420.0000   18.22579   96.37361      9.340     1.2114 -3.57096e-01  3.02787e-01  5.43091e-02 -9.56271e-01 -6.78004e-01 -3.22149e-01   20  315.36   63.07   15.25   85.26  -18.31 -104.51  317.78  166.17   64.29   47.79   38.59   14.46  -57.11
   5    4    10.0000  -408.0000   18.33335   96.35945      9.340     1.2895 -4.25820e-01  4.17419e-01  8.40121e-03 -9.38431e-01 -7.97644e-01 -5.74254e-02   20  286.88   53.52   12.36   82.55  -37.29  -99.89  312.28  152.24   54.81   51.48   36.80    9.80  -31.11
   5    5    10.0000  -396.0000   18.44092   96.34529      9.340     1.4248 -3.94392e-01  5.92612e-01 -1.98221e-01 -1.03739e+00 -8.22825e-01  5.85326e-02   20  295.78   54.11   16.78   81.86  -29.38 -104.72  307.52  156.82   56.24   51.00   35.23   14.57   -2.77
   5    6    10.0000  -384.0000   18.54848   96.33112      9.340     1.4106 -3.85711e-01  6.56006e-01 -2.70296e-01 -8.81569e-01 -7.97011e-01  6.61498e-01   20  282.38   41.25   24.09   77.82  -31.13 -110.95  286.64  148.18   45.87   52.63   29.76   20.45   60.00
   5    7    10.0000  -372.0000   18.65604   96.31696      9.340     1.7940 -4.19383e-01  6.66965e-01 -2.47582e-01 -6.54749e-01 -7.26077e-01  1.52385e+00   20  281.01  189.18   64.73   86.12    4.30  154.67  237.82  142.19    1.03   14.71   20.47   64.39   67.34
   5    8    10.0000  -360.0000   18.76360   96.30280      9.340     2.4523 -4.45971e-01  7.03276e-01 -2.57305e-01 -5.90029e-01 -6.23416e-01  2.28745e+00   20  277.04  185.27   76.57   82.63    7.58  166.46  231.70  140.58  337.22    4.21   14.77   74.62   47.55
   5    9    10.0000  -348.0000   18.87117   96.28864      9.340     3.1664 -4.63981e-01  6.71920e-01 -2.07939e-01 -5.08988e-01 -5.03424e-01  3.07099e+00   20  274.57  183.65   81.91   83.56    6.51  171.85  229.21  139.00  325.54    1.16   10.31   79.63   34.23
   5   10    10.0000  -336.0000   18.97873   96.27448      9.340     3.9921 -5.35803e-01  5.75038e-01 -3.92351e-02 -3.45800e-01 -4.20095e-01  3.95064e+00   20  272.41  182.07   84.54   86.45    3.56  174.53  227.31  137.16  329.20    1.35    6.37   83.48   27.70
   5   11    10.0000  -324.0000   19.08629   96.26031      9.340     4.9072 -5.52170e-01  3.52386e-01  1.99784e-01 -3.67131e-02 -3.13932e-01  4.89786e+00   20  270.45    0.46   86.29   89.77   -0.23 -176.29  225.52  135.40    3.96    2.78    2.46   86.28   21.34
   5   12    10.0000  -312.0000   19.19386   96.24615      9.340     5.8008 -5.53629e-01  9.26034e-02  4.61025e-01  2.74954e-01 -1.98131e-01  5.78742e+00   20  359.15  269.02   86.98   87.58 -177.58   -3.03  224.07  314.10   50.38    3.85    0.42   86.13   17.52
   5   13    10.0000  -300.0000   19.30142   96.23199      9.340     6.1893 -5.46817e-01 -1.72588e-02  5.64076e-01  3.19927e-01 -1.10123e-01  6.17316e+00   20  358.69  268.61   86.87   88.50 -178.50   -3.13  223.61  313.68   63.10    3.27    1.16   86.53   16.48
   5   14    10.0000  -288.0000   19.40898   96.21783      9.340     6.7285 -6.54031e-01 -6.61516e-02  7.20183e-01  5.10437e-01 -8.52839e-02  6.69636e+00   20  358.37  268.25   85.46   88.50 -178.49   -4.54  223.23  313.39   70.00    4.27    2.15   85.22   17.96
   5   15    10.0000  -276.0000   19.51655   96.20367      9.340     7.2856 -7.34361e-01 -1.68937e-01  9.03298e-01  9.13795e-01 -1.31382e-01  7.20357e+00   20  358.00  267.68   82.50   87.63 -177.61   -7.51  222.62  313.06   70.24    6.98    3.61   82.13   17.70
   5   16    10.0000  -264.0000   19.62411   96.18950      9.340     7.6826 -7.45230e-01 -3.79821e-01  1.12505e+00  1.27805e+00 -2.68322e-01  7.52501e+00   20  357.43  266.77   80.06   86.26 -176.20   -9.96  221.72  312.47   66.40    9.68    4.36   79.37   15.10
   5   17    10.0000  -252.0000   19.73167   96.17534      9.340     7.8232 -8.43061e-01 -4.86088e-01  1.32915e+00  1.53224e+00 -4.10056e-01  7.59075e+00   20  357.08  265.99   78.22   84.79 -174.68  -11.83  221.03  312.02   62.55   12.04    4.60   77.09   14.72
   5   18    10.0000  -240.0000   19.83924   96.16118      9.340     7.7937 -8.85624e-01 -5.78710e-01  1.46433e+00  1.80810e+00 -4.41733e-01  7.47646e+00   20  356.77  265.30   76.07   84.06 -173.88  -14.01  220.32  311.72   62.76   14.09    5.57   74.81   13.73
   5   19    10.0000  -228.0000   19.94680   96.14702      9.340     7.9354 -1.05552e+00 -6.02369e-01  1.65789e+00  2.21591e+00 -3.84624e-01  7.49080e+00   20  356.57  264.60   73.08   83.54 -173.25  -17.03  219.46  311.63   64.43   16.58    7.25   71.82   15.21
   5   20    10.0000  -216.0000   20.05436   96.13286      9.340     7.5968 -1.10104e+00 -5.42435e-01  1.64347e+00  2.28949e+00 -3.50027e-01  7.11079e+00   20  356.62  264.32   71.61   83.14 -172.77  -18.53  219.12  311.71   64.70   17.91    7.97   70.28   16.09
   5   21    10.0000  -204.0000   20.16192   96.11869      9.340     7.0651 -1.05725e+00 -4.23691e-01  1.48094e+00  2.10219e+00 -3.53996e-01  6.62764e+00   20  356.92  264.58   71.76   82.92 -172.55  -18.39  219.44  311.96   64.24   17.97    7.71   70.34   16.73
   5   22    10.0000  -192.0000   20.26949   96.10453      9.340     6.1895 -1.06375e+00 -9.78596e-02  1.16161e+00  1.59380e+00 -4.04176e-01  5.89388e+00   20  357.94  265.66   73.72   82.22 -171.89  -16.43  220.86  312.67   61.00   17.09    5.88   71.86   21.25
   5   23    10.0000  -180.0000   20.37705   96.09037      9.340     5.4772 -9.60108e-01  1.51148e-01  8.08960e-01  1.14370e+00 -3.88010e-01  5.30371e+00   20  359.01  267.22   76.46   82.62 -172.41  -13.66  222.53  313.67   59.36   14.86    4.29   74.51   24.21
   5   24    10.0000  -168.0000   20.48461   96.07621      9.340     5.7776 -1.01435e+00  2.47228e-01  7.67120e-01  1.16396e+00 -4.08441e-01  5.60974e+00   20  359.42  267.72   76.87   82.78 -172.59  -13.24  223.02  314.08   59.61   14.45    4.12   74.95   24.72
   5   25    10.0000  -156.0000   20.59218   96.06205      9.340     6.9950 -1.09428e+00  5.94139e-02  1.03487e+00  1.75601e+00 -3.29834e-01  6.71429e+00   20  358.64  266.90   74.36   83.78 -173.54  -15.74  221.83  313.65   65.86   15.50    6.55   73.11   21.24
   5   26    10.0000  -144.0000   20.69974   96.04788      9.340     8.1888 -1.10892e+00 -2.50449e-01  1.35937e+00  2.32029e+00 -2.08227e-01  7.78086e+00   20  357.67  266.08   72.77   84.86 -174.62  -17.30  220.64  313.04   70.03   15.83    8.40   71.97   18.35
   5   27    10.0000  -132.0000   20.80730   96.03372      9.340     8.5787 -1.07396e+00 -4.50707e-01  1.52467e+00  2.43401e+00 -2.29250e-01  8.13618e+00   20  357.17  265.61   72.87   84.93 -174.70  -17.20  220.17  312.54   69.68   15.71    8.38   72.09   16.35
   5   28    10.0000  -120.0000   20.91487   96.01956      9.340     8.9553 -9.18512e-01 -7.76155e-01  1.69467e+00  2.57213e+00 -2.66263e-01  8.46182e+00   20  356.48  264.99   72.92   85.16 -174.94  -17.14  219.52  311.90   69.69   15.51    8.51   72.21   11.95
   5   29    10.0000  -108.0000   21.02243   96.00540      9.340     7.8179 -6.15560e-01 -7.94640e-01  1.41020e+00  1.92628e+00 -3.62591e-01  7.47498e+00   20  356.38  265.13   75.58   85.15 -174.99  -14.47  219.92  311.55   66.99   13.64    6.68   74.75    8.00
   5   30    10.0000   -96.0000   21.12999   95.99124      9.340     6.7100 -3.05781e-01 -7.11374e-01  1.01716e+00  1.21639e+00 -4.01187e-01  6.52661e+00   20  356.63  265.80   79.62   85.47 -175.39  -10.41  220.83  311.60   62.53   10.56    4.10   78.66    3.60
   5   31    10.0000   -84.0000   21.23756   95.97708      9.340     5.9863 -7.87975e-02 -6.12465e-01  6.91262e-01  7.55872e-01 -3.38052e-01  5.89376e+00   20  357.07  266.62   82.92   86.34 -176.31   -7.09  221.68  312.00   59.46    7.60    2.41   82.03   -0.53
   5   32    10.0000   -72.0000   21.34512   95.96291      9.340     4.7810  4.36166e-01 -5.71931e-01  1.35765e-01 -1.13798e-02 -1.12065e-01  4.76740e+00   20  267.88  177.87   88.61   89.62    0.38  178.61  222.88  132.87  342.74    0.72    1.25   88.56  -17.40
   5   33    10.0000   -60.0000   21.45268   95.94875      9.340     4.1867  7.05871e-01 -4.62411e-01 -2.43460e-01 -2.78507e-01  1.99067e-02  4.17658e+00   20  179.24  269.29   86.02   89.32  179.31    3.98   44.20  134.33  279.01    2.33    3.30   85.96  -31.02
   5   34    10.0000   -48.0000   21.56024   95.93459      9.340     4.4911  5.70274e-01 -4.03800e-01 -1.66474e-01  2.86053e-01  1.11172e-01  4.47804e+00   20  359.18   89.33   85.93   87.87  177.87    4.07  224.20  314.30  116.89    1.37    4.38   85.41  -23.15
   5   35    10.0000   -36.0000   21.66781   95.92043      9.340     5.1394  1.96183e-01 -3.58963e-01  1.62780e-01  9.92960e-01  1.48158e-01  5.03280e+00   20  358.35   88.73   78.73   88.12  178.08   11.27  223.00  314.08   98.10    6.60    9.29   78.57   -5.31
   5   36    10.0000   -24.0000   21.77537   95.90627      9.340     5.9891 -2.85243e-01 -3.04019e-01  5.89263e-01  1.91926e+00  1.38227e-01  5.65446e+00   20  357.76  267.51   71.22   89.26 -179.22  -18.79  221.06  314.19   85.34   13.70   12.63   71.20    9.11
   5   37    10.0000   -12.0000   21.88293   95.89210      9.340     6.9446 -5.84617e-01 -3.24793e-01  9.09410e-01  2.81122e+00  9.91898e-02  6.30983e+00   20  357.61  266.34   65.80   87.19 -176.92  -24.23  219.32  314.52   80.13   18.94   14.79   65.62   11.48
   5   38    10.0000     0.0000   21.99050   95.87794      9.340     7.0534 -7.55906e-01 -1.28660e-01  8.84566e-01  3.19113e+00  1.41153e-01  6.25154e+00   20  358.22  266.39   62.56   86.48 -176.04  -27.49  218.84  315.56   79.67   21.67   16.41   62.30   14.44
   5   39    10.0000    12.0000   22.09806   95.86378      9.340     6.6461 -5.96507e-01  1.58154e-02  5.80692e-01  3.32600e+00  2.84250e-01  5.73711e+00   20  358.73  267.41   59.57   87.77 -177.41  -30.46  218.76  317.19   83.62   22.69   19.31   59.47   15.76
   5   40    10.0000    24.0000   22.20562   95.84962      9.340     5.9251 -5.19543e-01  2.89775e-01  2.29768e-01  3.28617e+00  4.39402e-01  4.92735e+00   20  359.67  268.79   56.00   88.69 -178.42  -34.01  218.81  319.48   86.84   24.31   22.29   55.97   22.12
   5   41    10.0000    36.0000   22.31319   95.83546      9.340     4.5415 -4.40594e-01  6.34693e-01 -1.94099e-01  2.78290e+00  5.70290e-01  3.58455e+00   20    1.47  271.11   52.28   89.53 -179.40  -37.72  219.59  322.90   90.50   26.00   25.26   52.28   36.07
   5   42    10.0000    48.0000   22.42075   95.82129      9.340     3.5662 -3.50135e-01  8.31925e-01 -4.81791e-01  2.33501e+00  6.47874e-01  2.67266e+00   20    3.28   93.88   50.37   89.28  179.07   39.63  221.26  326.05   94.74   26.24   27.38   50.36   51.11
   5   43    10.0000    60.0000   22.52831   95.80713      9.340     2.5130 -1.78554e-01  9.02008e-01 -7.23454e-01  1.71578e+00  7.04397e-01  1.75945e+00   20    6.06  100.93   54.66   83.18  171.63   35.63  228.35  329.59  110.33   18.97   29.54   53.81   71.72
   5   44    10.0000    72.0000   22.63588   95.79297      9.340     1.6365 -7.86444e-02  8.53493e-01 -7.74849e-01  1.13198e+00  6.08474e-01  9.39456e-01   20  116.98   18.95   61.02   75.84   16.24  150.02   70.52  334.58  175.97    9.77   31.04   57.12   81.40
   5   45    10.0000    84.0000   22.74344   95.77881      9.340     0.9433 -5.74962e-02  5.66573e-01 -5.09077e-01  6.22871e-01  4.14821e-01  3.78252e-01   20  124.41   33.56   43.29   89.19    1.18  133.29   89.39  338.27  212.80   30.31   31.65   43.28   66.32
   6    1    15.0000  -444.0000   18.00791   96.37790      5.010     0.4445 -1.67996e-01  4.32530e-02  1.24743e-01 -3.26970e-01 -2.85105e-01 -6.92124e-02   20  183.03   45.42    8.11   83.99 -132.10  -84.54  321.52  130.47  224.84   50.72   38.76    5.43  -59.68
   6    2    15.0000  -432.0000   18.11548   96.36374      5.010     0.9514 -3.19165e-01  2.01405e-01  1.17760e-01 -7.51096e-01 -5.48069e-01 -2.71304e-01   20  311.08   62.10   12.84   85.32  -21.52 -101.97  319.36  163.01   63.10   48.34   39.18   11.93  -67.36
   6    3    15.0000  -420.0000   18.22304   96.34958      5.010     1.3478 -3.68822e-01  3.40779e-01  2.80434e-02 -1.07441e+00 -7.20650e-01 -3.97810e-01   20  321.04   65.73   17.72   85.37  -15.38 -107.12  317.98  171.06   67.15   46.94   38.06   17.06  -55.66
   6    4    15.0000  -408.0000   18.33060   96.33542      5.010     1.4501 -4.60296e-01  4.95603e-01 -3.53075e-02 -1.08709e+00 -8.52450e-01 -1.59943e-01   20  299.42   57.33   14.53   83.08  -28.69 -102.81  313.11  158.62   58.90   50.32   36.82   12.72  -35.89
   6    5    15.0000  -396.0000   18.43816   96.32126      5.010     1.5546 -4.44710e-01  6.58332e-01 -2.13621e-01 -1.12805e+00 -8.95628e-01  6.08274e-02   20  295.58   54.29   17.05   81.62  -29.81 -104.90  307.43  157.11   56.51   51.18   34.96   14.74   -3.65
   6    6    15.0000  -384.0000   18.54573   96.30709      5.010     1.5451 -4.35654e-01  7.36979e-01 -3.01325e-01 -9.71257e-01 -8.67764e-01  6.94589e-01   20  282.47   42.31   23.75   77.65  -32.07 -110.45  288.09  148.84   46.87   52.98   29.74   19.96   57.64
   6    7    15.0000  -372.0000   18.65329   96.29293      5.010     1.9324 -4.80820e-01  7.57410e-01 -2.76590e-01 -7.22607e-01 -7.91854e-01  1.62587e+00   20  281.54  190.10   63.58   87.11    3.23  153.54  238.86  142.62    4.31   16.20   20.51   63.40   69.41
   6    8    15.0000  -360.0000   18.76085   96.27877      5.010     2.6719 -4.96713e-01  7.69390e-01 -2.72677e-01 -6.06827e-01 -6.75523e-01  2.49949e+00   20  276.93  185.34   76.45   83.42    6.77  166.36  231.74  140.50  340.07    4.86   14.28   74.88   47.07
   6    9    15.0000  -348.0000   18.86842   96.26461      5.010     3.4529 -4.92251e-01  7.11919e-01 -2.19669e-01 -5.00624e-01 -5.30111e-01  3.35932e+00   20  274.38  183.58   82.04   84.29    5.76  172.00  229.12  138.85  328.28    1.58    9.68   80.19   32.65
   6   10    15.0000  -336.0000   18.97598   96.25045      5.010     4.2953 -5.93868e-01  6.50409e-01 -5.65404e-02 -3.87423e-01 -4.48434e-01  4.24819e+00   20  272.57  182.22   84.63   86.28    3.74  174.62  227.46  137.33  327.65    1.16    6.44   83.46   28.49
   6   11    15.0000  -324.0000   19.08354   96.23628      5.010     5.4103 -6.24295e-01  3.84102e-01  2.40193e-01  2.90931e-02 -3.31137e-01  5.40035e+00   20  270.36    0.42   86.33   89.04   -0.96 -176.33  225.45  135.34   15.08    3.28    1.91   86.20   21.56
   6   12    15.0000  -312.0000   19.19111   96.22212      5.010     6.2439 -5.71786e-01  1.04860e-01  4.66926e-01  2.71480e-01 -2.10327e-01  6.23162e+00   20  359.22  269.11   87.22   87.66 -177.66   -2.78  224.16  314.18   49.06    3.62    0.31   86.37   16.88
   6   13    15.0000  -300.0000   19.29867   96.20796      5.010     6.7619 -5.94826e-01 -1.90408e-02  6.13867e-01  3.78313e-01 -1.20848e-01  6.74267e+00   20  358.70  268.61   86.62   88.46 -178.46   -3.38  223.61  313.69   64.21    3.48    1.30   86.29   16.37
   6   14    15.0000  -288.0000   19.40623   96.19380      5.010     7.3071 -7.14186e-01 -7.28810e-02  7.87067e-01  5.66422e-01 -9.47826e-02  7.27103e+00   20  358.36  268.23   85.36   88.46 -178.46   -4.64  223.21  313.38   69.93    4.37    2.19   85.11   18.03
   6   15    15.0000  -276.0000   19.51379   96.17964      5.010     7.8200 -8.06839e-01 -1.67008e-01  9.73847e-01  9.29723e-01 -1.58326e-01  7.73820e+00   20  358.02  267.71   82.86   87.54 -177.52   -7.15  222.67  313.06   68.83    6.79    3.30   82.44   18.13
   6   16    15.0000  -264.0000   19.62136   96.16548      5.010     8.3066 -8.65330e-01 -3.87625e-01  1.25295e+00  1.34954e+00 -3.30612e-01  8.13775e+00   20  357.43  266.73   80.22   85.92 -175.86   -9.81  221.73  312.42   64.34    9.82    4.00   79.38   16.17
   6   17    15.0000  -252.0000   19.72892   96.15131      5.010     8.5267 -9.67331e-01 -5.15281e-01  1.48261e+00  1.66764e+00 -4.72856e-01  8.26919e+00   20  357.07  265.92   78.18   84.52 -174.40  -11.88  221.00  311.97   61.51   12.26    4.44   76.94   15.47
   6   18    15.0000  -240.0000   19.83648   96.13715      5.010     8.5504 -9.94361e-01 -6.42689e-01  1.63705e+00  2.00608e+00 -4.94618e-01  8.19208e+00   20  356.73  265.19   75.89   83.91 -173.72  -14.19  220.23  311.66   62.43   14.32    5.59   74.58   13.93
   6   19    15.0000  -228.0000   19.94405   96.12299      5.010     8.5284 -1.13692e+00 -6.33053e-01  1.76997e+00  2.33769e+00 -4.22444e-01  8.06543e+00   20  356.61  264.67   73.38   83.54 -173.26  -16.73  219.56  311.64   64.15   16.37    7.05   72.10   15.44
   6   20    15.0000  -216.0000   20.05161   96.10883      5.010     8.2344 -1.19187e+00 -5.68237e-01  1.76011e+00  2.46601e+00 -3.67150e-01  7.71727e+00   20  356.67  264.43   71.72   83.25 -172.89  -18.41  219.21  311.78   64.98   17.75    7.97   70.43   16.37
   6   21    15.0000  -204.0000   20.15917   96.09467      5.010     7.6200 -1.17704e+00 -4.03516e-01  1.58055e+00  2.27384e+00 -3.78081e-01  7.14927e+00   20  357.07  264.68   71.63   82.84 -172.46  -18.52  219.55  312.10   64.28   18.12    7.74   70.19   17.54
   6   22    15.0000  -192.0000   20.26674   96.08050      5.010     6.6429 -1.17256e+00 -5.30897e-02  1.22565e+00  1.71215e+00 -4.52304e-01  6.32506e+00   20  358.14  265.77   73.61   81.99 -171.65  -16.55  221.01  312.83   60.66   17.34    5.80   71.66   21.74
   6   23    15.0000  -180.0000   20.37430   96.06634      5.010     6.0480 -1.11200e+00  1.88828e-01  9.23173e-01  1.28925e+00 -4.64238e-01  5.84269e+00   20  359.08  267.09   76.03   82.06 -171.81  -14.11  222.48  313.65   58.30   15.57    4.19   73.85   24.85
   6   24    15.0000  -168.0000   20.48186   96.05218      5.010     6.4947 -1.13690e+00  2.22941e-01  9.13961e-01  1.39186e+00 -4.49792e-01  6.28419e+00   20  359.22  267.40   76.14   82.68 -172.46  -13.98  222.68  313.90   60.31   15.04    4.55   74.25   24.08
   6   25    15.0000  -156.0000   20.58943   96.03802      5.010     7.7318 -1.18434e+00  4.92188e-03  1.17941e+00  1.98635e+00 -3.60367e-01  7.40613e+00   20  358.47  266.69   74.06   83.79 -173.54  -16.04  221.60  313.50   66.05   15.71    6.76   72.83   20.45
   6   26    15.0000  -144.0000   20.69699   96.02386      5.010     9.0150 -1.20590e+00 -2.93122e-01  1.49902e+00  2.58660e+00 -2.27959e-01  8.55531e+00   20  357.65  266.03   72.57   84.87 -174.62  -17.50  220.57  313.03   70.19   15.96    8.54   71.79   17.94
   6   27    15.0000  -132.0000   20.80455   96.00969      5.010     9.5212 -1.16116e+00 -5.40001e-01  1.70116e+00  2.76393e+00 -2.32780e-01  9.00968e+00   20  357.08  265.52   72.51   85.05 -174.81  -17.55  220.02  312.52   70.25   15.87    8.71   71.78   15.77
   6   28    15.0000  -120.0000   20.91211   95.99553      5.010     9.8520 -1.00280e+00 -8.61360e-01  1.86416e+00  2.85994e+00 -2.67527e-01  9.30055e+00   20  356.45  264.98   72.74   85.28 -175.05  -17.32  219.47  311.91   70.19   15.55    8.72   72.07   11.96
   6   29    15.0000  -108.0000   21.01968   95.98137      5.010     8.5727 -6.69315e-01 -8.82242e-01  1.55156e+00  2.12065e+00 -3.76866e-01  8.19465e+00   20  356.34  265.11   75.52   85.27 -175.12  -14.53  219.88  311.53   67.47   13.59    6.80   74.74    8.06
   6   30    15.0000   -96.0000   21.12724   95.96721      5.010     7.5324 -3.98973e-01 -8.11882e-01  1.21085e+00  1.46735e+00 -4.40097e-01  7.30019e+00   20  356.50  265.58   78.80   85.33 -175.24  -11.24  220.58  311.49   63.32   11.24    4.58   77.84    4.52
   6   31    15.0000   -84.0000   21.23480   95.95305      5.010     6.5709 -1.34540e-01 -6.62406e-01  7.96946e-01  9.03151e-01 -3.49477e-01  6.45841e+00   20  357.02  266.53   82.24   86.40 -176.37   -7.78  221.57  311.98   61.87    8.04    2.93   81.44    0.73
   6   32    15.0000   -72.0000   21.34237   95.93888      5.010     5.2253  3.97179e-01 -5.87590e-01  1.90411e-01  9.87369e-02 -1.30495e-01  5.20951e+00   20  267.85  357.87   88.63   89.13   -0.87 -178.63  222.87  132.86   30.31    1.58    0.35   88.38  -14.79
   6   33    15.0000   -60.0000   21.44993   95.92472      5.010     4.5341  6.98925e-01 -4.67551e-01 -2.31375e-01 -2.54270e-01  3.16558e-04  4.52588e+00   20  179.24  269.29   86.62   89.27  179.26    3.38   44.22  134.31  281.51    1.87    2.91   86.54  -28.50
   6   34    15.0000   -48.0000   21.55749   95.91056      5.010     4.9308  5.78318e-01 -4.28730e-01 -1.49588e-01  3.45234e-01  9.30258e-02  4.91523e+00   20  359.13   89.27   85.66   88.23  178.22    4.34  224.13  314.27  111.44    1.81    4.32   85.32  -21.52
   6   35    15.0000   -36.0000   21.66506   95.89640      5.010     5.6714  1.34088e-01 -3.14780e-01  1.80692e-01  1.07131e+00  1.04710e-01  5.56311e+00   20  358.63   88.85   79.06   88.87  178.85   10.94  223.22  314.26   94.69    6.90    8.52   79.00   -3.38
   6   36    15.0000   -24.0000   21.77262   95.88224      5.010     6.5581 -3.22511e-01 -2.70658e-01  5.93170e-01  1.98090e+00  1.15426e-01  6.23594e+00   20  358.06  267.79   72.33   89.14 -179.10  -17.67  221.54  314.30   85.10   13.02   11.77   72.31    9.09
   6   37    15.0000   -12.0000   21.88018   95.86807      5.010     7.4992 -6.83711e-01 -2.49548e-01  9.33259e-01  2.87599e+00  6.65968e-02  6.88888e+00   20  357.96  266.68   67.09   86.98 -176.73  -22.95  219.96  314.58   79.60   18.21   13.77   66.87   12.65
   6   38    15.0000     0.0000   21.98775   95.85391      5.010     7.6146 -8.88318e-01 -5.44898e-02  9.42808e-01  3.33068e+00  1.00422e-01  6.80659e+00   20  358.51  266.55   63.45   86.08 -175.61  -26.62  219.30  315.55   78.78   21.38   15.53   63.11   15.39
   6   39    15.0000    12.0000   22.09531   95.83975      5.010     7.2360 -7.79171e-01  1.01897e-01  6.77274e-01  3.55955e+00  2.68797e-01  6.27771e+00   20  358.99  267.28   59.98   87.03 -176.57  -30.07  218.94  317.09   82.17   22.98   18.49   59.80   17.24
   6   40    15.0000    24.0000   22.20287   95.82559      5.010     6.4018 -6.87183e-01  3.75991e-01  3.11191e-01  3.51532e+00  4.40170e-01  5.34320e+00   20  359.92  268.48   56.18   87.85 -177.41  -33.85  218.80  319.33   85.28   24.84   21.54   56.09   23.17
   6   41    15.0000    36.0000   22.31043   95.81143      5.010     4.9610 -5.65838e-01  7.21993e-01 -1.56155e-01  2.99870e+00  5.86344e-01  3.94565e+00   20    1.69  270.75   52.61   88.78 -178.47  -37.40  219.59  322.64   89.16   26.38   24.48   52.59   35.98
   6   42    15.0000    48.0000   22.41800   95.79727      5.010     3.7801 -4.32690e-01  9.40279e-01 -5.07590e-01  2.41371e+00  6.66219e-01  2.87926e+00   20    3.76   94.09   51.51   89.58  179.46   38.49  222.02  325.91   94.62   25.78   26.44   51.51   51.42
   6   43    15.0000    60.0000   22.52556   95.78310      5.010     2.7972 -2.46360e-01  9.81292e-01 -7.34931e-01  1.85917e+00  7.27251e-01  2.01401e+00   20    5.88   99.79   54.56   84.52  173.27   35.63  227.51  328.93  107.38   20.03   28.52   54.01   68.39
   6   44    15.0000    72.0000   22.63312   95.76894      5.010     1.9038 -1.40601e-01  8.93047e-01 -7.52445e-01  1.30879e+00  6.26963e-01  1.23518e+00   20   11.39  109.18   64.44   74.19  162.42   26.64  238.67  332.40  137.68    6.46   29.85   59.32   80.90
   6   45    15.0000    84.0000   22.74069   95.75478      5.010     0.9877 -6.60229e-02  6.01573e-01 -5.35550e-01  6.56787e-01  4.15141e-01  4.18517e-01   20  123.97   32.24   45.45   88.24    2.47  135.42   87.34  338.30  210.45   28.32   31.18   45.39   69.73
   7    1    20.0000  -444.0000   18.00516   96.35387      0.679     0.4631 -1.64575e-01  4.33429e-02  1.21232e-01 -3.50117e-01 -2.90762e-01 -8.05564e-02   20  189.05   47.68    6.55   84.88 -128.45  -85.92  322.17  133.93  227.32   49.96   39.75    4.07  -61.24
   7    2    20.0000  -432.0000   18.11272   96.33971      0.679     0.9651 -3.20471e-01  1.99828e-01  1.20644e-01 -7.63434e-01 -5.56265e-01 -2.65025e-01   20  309.38   61.42   12.02   85.43  -22.49 -101.13  319.55  161.59   62.31   48.41   39.44   11.09  -66.21
   7    3    20.0000  -420.0000   18.22029   96.32555      0.679     1.4209 -3.70955e-01  3.59026e-01  1.19285e-02 -1.13641e+00 -7.43193e-01 -4.39597e-01   20  323.43   66.83   18.84   85.48  -14.13 -108.31  318.01  173.17   68.32   46.47   37.84   18.25  -54.73
   7    4    20.0000  -408.0000   18.32785   96.31139      0.679     1.5160 -4.68188e-01  5.21150e-01 -5.29624e-02 -1.14637e+00 -8.76432e-01 -1.86955e-01   20  302.27   58.27   15.09   83.26  -26.79 -103.53  313.36  160.20   59.89   49.97   36.85   13.44  -35.75
   7    5    20.0000  -396.0000   18.43541   96.29723      0.679     1.6185 -4.65266e-01  6.89583e-01 -2.24317e-01 -1.17558e+00 -9.28910e-01  5.97018e-02   20  295.83   54.47   17.16   81.58  -29.76 -105.01  307.49  157.37   56.72   51.18   34.90   14.84   -3.79
   7    6    20.0000  -384.0000   18.54298   96.28307      0.679     1.6146 -4.55501e-01  7.82314e-01 -3.26814e-01 -1.03200e+00 -8.98084e-01  6.93749e-01   20  282.99   43.51   23.23   77.70  -32.68 -109.86  289.88  149.61   47.91   53.17   29.95   19.39   56.17
   7    7    20.0000  -372.0000   18.65054   96.26890      0.679     1.9933 -5.00975e-01  8.02463e-01 -3.01488e-01 -7.57266e-01 -8.15563e-01  1.66854e+00   20  281.91  190.50   63.39   87.18    3.15  153.36  239.29  142.96    4.91   16.38   20.58   63.22   70.03
   7    8    20.0000  -360.0000   18.75810   96.25474      0.679     2.7632 -5.06202e-01  8.02603e-01 -2.96401e-01 -6.23800e-01 -6.90828e-01  2.58445e+00   20  277.03  185.45   76.57   83.40    6.79  166.48  231.83  140.62  339.89    4.75   14.21   74.98   46.49
   7    9    20.0000  -348.0000   18.86567   96.24058      0.679     3.5768 -4.95468e-01  7.34959e-01 -2.39491e-01 -5.19067e-01 -5.43895e-01  3.47960e+00   20  274.42  183.62   82.11   84.22    5.84  172.07  229.14  138.89  327.76    1.48    9.69   80.19   31.96
   7   10    20.0000  -336.0000   18.97323   96.22642      0.679     4.4585 -6.06511e-01  6.72190e-01 -6.56794e-02 -3.88548e-01 -4.56951e-01  4.41104e+00   20  272.57  182.24   84.70   86.41    3.60  174.69  227.47  137.34  328.29    1.21    6.29   83.59   27.97
   7   11    20.0000  -324.0000   19.08079   96.21226      0.679     5.6158 -6.53057e-01  4.07353e-01  2.45704e-01  3.37391e-02 -3.41541e-01  5.60549e+00   20  270.39    0.45   86.34   89.00   -1.00 -176.34  225.48  135.37   15.75    3.29    1.88   86.21   21.71
   7   12    20.0000  -312.0000   19.18835   96.19809      0.679     6.4628 -5.89346e-01  1.20008e-01  4.69337e-01  2.72859e-01 -2.18324e-01  6.45079e+00   20  359.28  269.17   87.30   87.67 -177.67   -2.71  224.22  314.23   48.48    3.56    0.26   86.43   16.83
   7   13    20.0000  -300.0000   19.29592   96.18393      0.679     7.0581 -6.12448e-01 -2.82180e-02  6.40666e-01  4.25046e-01 -1.23241e-01  7.03606e+00   20  358.68  268.58   86.38   88.46 -178.45   -3.63  223.59  313.68   65.55    3.65    1.47   86.06   16.11
   7   14    20.0000  -288.0000   19.40348   96.16977      0.679     7.5995 -7.34822e-01 -8.65026e-02  8.21325e-01  6.03410e-01 -1.00034e-01  7.56041e+00   20  358.33  268.20   85.25   88.44 -178.43   -4.75  223.18  313.36   70.04    4.46    2.25   85.00   17.81
   7   15    20.0000  -276.0000   19.51104   96.15561      0.679     8.0552 -8.35477e-01 -1.66477e-01  1.00195e+00  9.10775e-01 -1.73998e-01  7.97658e+00   20  358.03  267.73   83.19   87.52 -177.50   -6.82  222.70  313.06   67.83    6.57    3.05   82.75   18.27
   7   16    20.0000  -264.0000   19.61861   96.14145      0.679     8.5849 -9.25791e-01 -3.79648e-01  1.30544e+00  1.36318e+00 -3.57376e-01  8.41496e+00   20  357.45  266.74   80.40   85.80 -175.74   -9.63  221.77  312.42   63.39    9.77    3.79   79.50   16.81
   7   17    20.0000  -252.0000   19.72617   96.12728      0.679     8.8689 -1.02659e+00 -5.31739e-01  1.55833e+00  1.72936e+00 -5.03822e-01  8.59987e+00   20  357.06  265.89   78.18   84.41 -174.29  -11.87  220.99  311.94   61.03   12.34    4.35   76.89   15.79
   7   18    20.0000  -240.0000   19.83373   96.11312      0.679     8.8743 -1.04248e+00 -6.64340e-01  1.70682e+00  2.07053e+00 -5.23475e-01  8.50383e+00   20  356.73  265.18   75.95   83.83 -173.64  -14.13  220.23  311.64   62.08   14.33    5.49   74.61   14.09
   7   19    20.0000  -228.0000   19.94130   96.09896      0.679     8.8217 -1.17386e+00 -6.47091e-01  1.82095e+00  2.39595e+00 -4.38195e-01  8.35088e+00   20  356.63  264.72   73.53   83.57 -173.29  -16.58  219.62  311.66   64.10   16.25    6.97   72.25   15.53
   7   20    20.0000  -216.0000   20.04886   96.08480      0.679     8.5355 -1.22707e+00 -5.80773e-01  1.80784e+00  2.54406e+00 -3.68104e-01  8.00708e+00   20  356.69  264.50   71.81   83.37 -173.02  -18.31  219.27  311.82   65.26   17.60    7.99   70.56   16.47
   7   21    20.0000  -204.0000   20.15642   96.07064      0.679     7.8742 -1.23092e+00 -3.89360e-01  1.62028e+00  2.34199e+00 -3.91424e-01  7.39219e+00   20  357.15  264.75   71.66   82.81 -172.43  -18.49  219.63  312.17   64.25   18.12    7.71   70.20   17.90
   7   22    20.0000  -192.0000   20.26399   96.05647      0.679     6.8823 -1.22493e+00 -3.93083e-02  1.26424e+00  1.77508e+00 -4.73640e-01  6.55258e+00   20  358.20  265.80   73.57   81.93 -171.58  -16.59  221.06  312.87   60.57   17.41    5.78   71.60   21.90
   7   23    20.0000  -180.0000   20.37155   96.04231      0.679     6.3429 -1.18681e+00  2.04652e-01  9.82161e-01  1.36493e+00 -4.99119e-01  6.12137e+00   20  359.10  267.03   75.84   81.86 -171.60  -14.31  222.45  313.64   57.98   15.85    4.17   73.58   25.08
   7   24    20.0000  -168.0000   20.47911   96.02815      0.679     6.7833 -1.18844e+00  2.20108e-01  9.68337e-01  1.46241e+00 -4.75261e-01  6.55983e+00   20  359.17  267.33   76.05   82.61 -172.39  -14.06  222.61  313.85   60.16   15.15    4.56   74.15   23.96
   7   25    20.0000  -156.0000   20.58667   96.01399      0.679     8.0017 -1.23684e+00  1.36423e-02  1.22320e+00  2.04279e+00 -3.78306e-01  7.66759e+00   20  358.49  266.70   74.13   83.74 -173.49  -15.97  221.62  313.50   65.82   15.69    6.67   72.88   20.68
   7   26    20.0000  -144.0000   20.69424   95.99983      0.679     9.3113 -1.25803e+00 -2.86455e-01  1.54449e+00  2.64779e+00 -2.59672e-01  8.84305e+00   20  357.70  266.05   72.71   84.74 -174.49  -17.37  220.64  313.05   69.72   15.96    8.36   71.88   18.00
   7   27    20.0000  -132.0000   20.80180   95.98566      0.679    10.0729 -1.22398e+00 -5.90302e-01  1.81428e+00  2.96879e+00 -2.34570e-01  9.51598e+00   20  357.04  265.45   72.25   85.06 -174.81  -17.81  219.92  312.50   70.45   16.04    8.90   71.54   15.62
   7   28    20.0000  -120.0000   20.90936   95.97150      0.679    10.2185 -1.03306e+00 -8.89900e-01  1.92296e+00  2.95528e+00 -2.68892e-01  9.65188e+00   20  356.46  265.02   72.81   85.35 -175.13  -17.25  219.50  311.93   70.38   15.45    8.72   72.15   12.00
   7   29    20.0000  -108.0000   21.01693   95.95734      0.679     9.0064 -7.27901e-01 -9.12754e-01  1.64066e+00  2.24247e+00 -3.78960e-01  8.60577e+00   20  356.34  265.11   75.40   85.30 -175.14  -14.65  219.86  311.55   67.71   13.66    6.91   74.63    8.64
   7   30    20.0000   -96.0000   21.12449   95.94318      0.679     7.8717 -4.43979e-01 -8.37530e-01  1.28151e+00  1.55507e+00 -4.46017e-01  7.62440e+00   20  356.49  265.56   78.61   85.35 -175.26  -11.43  220.54  311.49   63.73   11.36    4.73   77.67    5.17
   7   31    20.0000   -84.0000   21.23205   95.92902      0.679     6.8337 -1.74038e-01 -6.80430e-01  8.54468e-01  9.60874e-01 -3.60937e-01  6.71238e+00   20  356.99  266.48   82.03   86.35 -176.32   -7.99  221.51  311.95   62.09    8.22    3.04   81.22    1.61
   7   32    20.0000   -72.0000   21.33962   95.91486      0.679     5.4445  3.59429e-01 -5.83567e-01  2.24137e-01  1.65242e-01 -1.37591e-01  5.42671e+00   20  357.89  267.85   88.45   88.64 -178.64   -1.55  222.87  312.87   46.65    2.05    0.14   87.94  -13.04
   7   33    20.0000   -60.0000   21.44718   95.90069      0.679     4.7744  6.53127e-01 -4.64335e-01 -1.88791e-01 -1.78403e-01 -3.85486e-03  4.76981e+00   20  179.17  269.19   87.76   89.53  179.53    2.24   44.16  134.20  281.13    1.25    1.92   87.71  -25.55
   7   34    20.0000   -48.0000   21.55474   95.88653      0.679     5.1670  5.62819e-01 -4.32787e-01 -1.30032e-01  3.78125e-01  9.65123e-02  5.14935e+00   20  359.10   89.24   85.51   88.27  178.27    4.49  224.10  314.25  110.22    1.95    4.39   85.19  -20.01
   7   35    20.0000   -36.0000   21.66230   95.87237      0.679     5.8949  1.19979e-01 -2.95916e-01  1.75936e-01  1.10307e+00  9.71769e-02  5.78560e+00   20  358.75   88.94   79.17   89.00  178.99   10.83  223.34  314.36   94.13    6.92    8.34   79.13   -2.90
   7   36    20.0000   -24.0000   21.76987   95.85821      0.679     6.8538 -3.71241e-01 -2.31067e-01  6.02308e-01  2.03102e+00  9.04175e-02  6.53155e+00   20  358.25  267.90   72.66   88.88 -178.83  -17.34  221.74  314.40   84.33   12.98   11.36   72.62    9.59
   7   37    20.0000   -12.0000   21.87743   95.84405      0.679     7.7669 -7.27667e-01 -2.12520e-01  9.40187e-01  2.91546e+00  6.37723e-02  7.16373e+00   20  358.10  266.85   67.58   86.98 -176.73  -22.46  220.21  314.63   79.57   17.88   13.44   67.35   13.28
   7   38    20.0000     0.0000   21.98499   95.82988      0.679     7.9149 -9.45266e-01 -2.67014e-02  9.71967e-01  3.41691e+00  8.75637e-02  7.09743e+00   20  358.61  266.62   63.78   85.97 -175.51  -26.29  219.48  315.55   78.52   21.23   15.23   63.43   15.73
   7   39    20.0000    12.0000   22.09256   95.81572      0.679     7.5201 -8.77280e-01  1.48683e-01  7.28598e-01  3.67067e+00  2.54652e-01  6.53732e+00   20  359.13  267.20   60.14   86.65 -176.13  -29.92  219.01  317.05   81.40   23.17   18.10   59.91   17.91
   7   40    20.0000    24.0000   22.20012   95.80156      0.679     6.6073 -7.58098e-01  4.17566e-01  3.40532e-01  3.60270e+00  4.40102e-01  5.52960e+00   20    0.03  268.40   56.36   87.56 -177.06  -33.67  218.87  319.27   84.74   24.95   21.19   56.25   23.64
   7   41    20.0000    36.0000   22.30768   95.78740      0.679     5.1560 -6.35630e-01  7.78404e-01 -1.42774e-01  3.07634e+00  5.89248e-01  4.12899e+00   20    1.86  270.69   53.06   88.45 -178.06  -36.96  219.79  322.50   88.63   26.36   23.94   53.02   36.13
   7   42    20.0000    48.0000   22.41525   95.77324      0.679     3.9001 -4.72049e-01  9.94095e-01 -5.22046e-01  2.44473e+00  6.76162e-01  3.00472e+00   20    3.94   94.27   52.40   89.57  179.46   37.60  222.54  325.76   94.83   25.22   25.89   52.40   51.37
   7   43    20.0000    60.0000   22.52281   95.75907      0.679     2.9558 -2.68398e-01  1.00716e+00 -7.38763e-01  1.93553e+00  7.33139e-01  2.15878e+00   20    5.70   99.27   54.63   84.99  173.85   35.52  227.13  328.54  106.24   20.33   28.10   54.17   65.96
   7   44    20.0000    72.0000   22.63037   95.74491      0.679     2.0802 -1.70809e-01  8.98544e-01 -7.27735e-01  1.42904e+00  6.37377e-01  1.40182e+00   20    8.79  105.17   59.10   79.47  167.70   31.49  233.50  331.32  121.79   13.52   29.49   56.97   78.28
   7   45    20.0000    84.0000   22.73794   95.73075      0.679     1.0135 -8.12773e-02  6.16410e-01 -5.35133e-01  6.78353e-01  4.09391e-01  4.72205e-01   20  122.60   29.91   48.17   87.00    4.03  138.10   84.16  337.59  206.58   25.76   30.57   48.01   74.32
