160.04886    53.21336     53.40      2.42708      -2.84605     0.41896      4.10923      1.27112      -0.09862     17    160.04886    53.21336    
160.29172    53.09760     46.60      1.09247      -1.15807     0.06560      2.53075      0.81968      -0.27670     18    160.29172    53.09760    
160.53456    52.98183     39.80      0.87382      -1.03320     0.15938      3.72481      0.80047      -0.65376     18    160.53456    52.98183    
160.77742    52.86607     33.00      -0.40889     0.24307      0.16582      2.87711      0.26315      -0.63321     18    160.77742    52.86607    
161.02028    52.75031     26.20      -2.94404     2.58740      0.35664      4.69146      0.91906      -1.37004     18    161.02028    52.75031    
161.26312    52.63455     19.40      -0.97903     0.92649      0.05254      1.02288      0.69914      -0.35001     19    161.26312    52.63455    
161.50598    52.51879     12.60      -5.41458     5.19796      0.21662      4.59306      2.15458      -1.89562     18    161.50598    52.51879    
161.74884    52.40303     5.81       -4.52654     4.48606      0.04048      4.59658      1.55128      -1.78457     18    161.74884    52.40303    
159.82216    53.03632     53.40      1.25955      -1.28772     0.02816      2.55394      1.05412      -0.35645     18    159.82216    53.03632    
160.06500    52.92056     46.60      0.57893      -0.60896     0.03003      1.21571      0.55937      -0.17520     20    160.06500    52.92056    
160.30786    52.80480     39.80      1.30962      -1.93929     0.62966      3.50523      2.01050      -0.69481     20    160.30786    52.80480    
160.55070    52.68904     33.00      0.01443      -0.29884     0.28442      3.63322      1.96939      -0.89263     20    160.55070    52.68904    
160.79356    52.57328     26.20      -0.78274     0.72670      0.05604      1.46121      0.73485      -0.49526     20    160.79356    52.57328    
161.03642    52.45752     19.40      -0.69800     0.68596      0.01204      0.73041      0.44102      -0.29216     21    161.03642    52.45752    
161.27927    52.34175     12.60      -0.98127     0.96629      0.01498      0.99268      0.43722      -0.39725     21    161.27927    52.34175    
161.52213    52.22599     5.81       -0.91423     0.91492      -0.00069     0.85331      0.37039      -0.36756     21    161.52213    52.22599    
159.59544    52.85928     53.40      3.49819      -3.30206     -0.19613     2.75999      2.41468      -1.00518     18    159.59544    52.85928    
159.83830    52.74352     46.60      1.00261      -1.02780     0.02519      1.45235      0.81955      -0.38558     20    159.83830    52.74352    
160.08115    52.62776     39.80      0.74449      -0.83886     0.09438      1.69402      0.90087      -0.41774     21    160.08115    52.62776    
160.32401    52.51200     33.00      -0.11157     0.03858      0.07299      1.12603      0.67416      -0.29485     21    160.32401    52.51200    
160.56686    52.39624     26.20      -1.42830     1.36781      0.06049      3.19884      1.71536      -0.95423     21    160.56686    52.39624    
160.80971    52.28048     19.40      -1.00868     1.03199      -0.02331     0.98395      0.65631      -0.42231     22    160.80971    52.28048    
161.05257    52.16472     12.60      -3.41492     3.51570      -0.10078     2.68573      2.11280      -1.33117     22    161.05257    52.16472    
161.29543    52.04896     5.81       -6.84863     7.05283      -0.20420     5.16573      4.29588      -2.54030     22    161.29543    52.04896    
159.36874    52.68225     53.40      3.61755      -3.52174     -0.09581     2.48017      2.14493      -1.00653     18    159.36874    52.68225    
159.61159    52.56649     46.60      4.13901      -4.32128     0.18227      4.46765      2.99165      -1.21915     19    159.61159    52.56649    
159.85445    52.45073     39.80      0.80474      -0.65920     -0.14554     2.01786      1.35172      -0.37551     20    159.85445    52.45073    
160.09731    52.33496     33.00      -0.27488     0.29182      -0.01694     1.60404      1.30689      -0.62301     20    160.09731    52.33496    
160.34015    52.21920     26.20      -1.20374     1.27596      -0.07222     1.61779      1.11517      -0.64246     21    160.34015    52.21920    
160.58301    52.10344     19.40      -4.55382     4.74058      -0.18676     3.59073      2.96762      -1.71826     22    160.58301    52.10344    
160.82585    51.98768     12.60      -4.03288     4.26681      -0.23394     2.58325      2.60485      -1.41574     23    160.82585    51.98768    
161.06871    51.87192     5.81       -1.55178     1.63770      -0.08592     0.99226      1.14400      -0.51139     24    161.06871    51.87192    
159.14203    52.50521     53.40      0.56525      -0.56340     -0.00185     0.53741      0.94879      -0.22209     18    159.14203    52.50521    
159.38489    52.38945     46.60      2.85399      -2.89069     0.03671      4.40945      5.42944      -1.16314     19    159.38489    52.38945    
159.62773    52.27369     39.80      1.65467      -1.60906     -0.04562     6.55874      7.19719      -1.08118     20    159.62773    52.27369    
159.87059    52.15793     33.00      -0.17433     0.17912      -0.00479     1.01682      1.08385      -0.23558     21    159.87059    52.15793    
160.11345    52.04217     26.20      -3.63327     3.74500      -0.11173     4.28311      4.57927      -1.45888     21    160.11345    52.04217    
160.35629    51.92641     19.40      -0.99033     1.05858      -0.06825     0.70740      0.81335      -0.30837     23    160.35629    51.92641    
160.59915    51.81065     12.60      -0.73553     0.79084      -0.05530     0.43318      0.52428      -0.22875     24    160.59915    51.81065    
160.84201    51.69489     5.81       -2.99259     3.21045      -0.21787     1.88360      2.27182      -0.86320     24    160.84201    51.69489    
158.91533    52.32817     53.40      0.03284      -0.13398     0.10113      0.61990      0.88661      -0.00273     18    158.91533    52.32817    
159.15817    52.21241     46.60      0.44983      -0.51266     0.06282      0.88945      1.63145      -0.08213     20    159.15817    52.21241    
159.40103    52.09665     39.80      0.11427      -0.14762     0.03335      1.05599      1.76041      -0.08287     21    159.40103    52.09665    
159.64389    51.98089     33.00      -0.90885     0.93326      -0.02441     2.76308      3.71001      -0.42796     21    159.64389    51.98089    
159.88673    51.86513     26.20      -0.60029     0.63848      -0.03818     0.68734      0.89983      -0.18599     22    159.88673    51.86513    
160.12959    51.74937     19.40      -0.72470     0.78292      -0.05822     0.59943      0.73190      -0.19301     23    160.12959    51.74937    
160.37245    51.63361     12.60      -0.76257     0.82315      -0.06057     0.57557      0.69505      -0.19737     24    160.37245    51.63361    
160.61530    51.51785     5.81       -3.23407     3.51949      -0.28542     2.57068      3.15696      -0.82674     24    160.61530    51.51785    
158.68861    52.15114     53.40      0.21178      -0.24367     0.03189      0.71584      0.90057      0.04875      18    158.68861    52.15114    
158.93147    52.03538     46.60      1.03635      -1.17301     0.13665      4.33624      7.65681      0.13493      19    158.93147    52.03538    
159.17432    51.91962     39.80      -0.28382     0.31301      -0.02918     4.36405      7.13611      -0.09442     20    159.17432    51.91962    
159.41718    51.80386     33.00      -1.65527     1.77598      -0.12072     4.08728      6.18329      -0.39381     21    159.41718    51.80386    
159.66003    51.68810     26.20      -0.42021     0.45235      -0.03215     0.54086      0.82357      -0.07732     23    159.66003    51.68810    
159.90288    51.57233     19.40      -2.75551     2.95177      -0.19626     2.86829      3.84092      -0.49750     23    159.90288    51.57233    
160.14574    51.45657     12.60      -3.40682     3.66766      -0.26084     3.68532      4.01598      -0.62367     24    160.14574    51.45657    
160.38860    51.34081     5.81       -1.15801     1.25548      -0.09747     1.22079      1.42147      -0.20922     25    160.38860    51.34081    
158.46191    51.97410     53.40      0.55585      -0.59469     0.03884      0.88277      1.11715      -0.05908     18    158.46191    51.97410    
158.70476    51.85834     46.60      1.19031      -1.56263     0.37231      3.72550      5.56516      -0.02093     19    158.70476    51.85834    
158.94762    51.74258     39.80      -0.04983     -0.01077     0.06059      1.24923      1.77809      0.01944      21    158.94762    51.74258    
159.19048    51.62682     33.00      -0.70887     0.67095      0.03793      2.18615      3.19813      -0.05224     22    159.19048    51.62682    
159.43332    51.51106     26.20      -1.33170     1.35974      -0.02803     2.36112      3.26531      -0.10764     23    159.43332    51.51106    
159.67618    51.39530     19.40      -1.20335     1.25701      -0.05366     1.65351      2.07631      -0.09243     24    159.67618    51.39530    
159.91904    51.27954     12.60      -0.90358     0.94327      -0.03969     1.15270      1.20101      -0.06973     25    159.91904    51.27954    
160.16188    51.16378     5.81       -3.77502     3.93745      -0.16243     4.49362      4.94725      -0.31780     25    160.16188    51.16378    
158.23520    51.79707     53.40      0.23959      -0.33914     0.09955      0.77450      1.45144      -0.05540     18    158.23520    51.79707    
158.47806    51.68130     46.60      0.28899      -0.37709     0.08810      0.61272      1.34191      -0.00040     20    158.47806    51.68130    
158.72092    51.56554     39.80      -0.03537     -0.04095     0.07632      1.27716      2.60928      0.03224      21    158.72092    51.56554    
158.96376    51.44978     33.00      -0.84856     0.81906      0.02950      2.62090      4.42249      0.01530      22    158.96376    51.44978    
159.20662    51.33402     26.20      -1.88620     1.92472      -0.03852     3.27716      5.03012      0.02120      23    159.20662    51.33402    
159.44946    51.21826     19.40      -1.04992     1.06090      -0.01098     1.50958      1.97391      0.01617      24    159.44946    51.21826    
159.69232    51.10250     12.60      -0.63995     0.64296      -0.00300     0.85487      0.97324      0.00738      25    159.69232    51.10250    
159.93518    50.98674     5.81       -2.68969     2.68937      0.00033      3.37143      3.94975      0.00814      25    159.93518    50.98674    
158.00850    51.62003     53.40      0.47407      -0.67478     0.20070      0.85912      2.31685      0.03610      18    158.00850    51.62003    
158.25134    51.50427     46.60      0.28199      -0.38221     0.10022      0.41639      1.30060      0.04239      20    158.25134    51.50427    
158.49420    51.38851     39.80      0.15457      -0.31101     0.15644      1.06456      2.71567      0.06930      21    158.49420    51.38851    
158.73706    51.27275     33.00      -0.47518     0.30609      0.16909      2.03318      4.30703      0.14442      22    158.73706    51.27275    
158.97990    51.15699     26.20      -0.79210     0.74348      0.04862      1.58191      2.71660      0.13200      23    158.97990    51.15699    
159.22276    51.04123     19.40      -0.86413     0.81398      0.05015      1.40863      2.04360      0.10939      24    159.22276    51.04123    
159.46562    50.92546     12.60      -0.45294     0.42918      0.02375      0.61655      0.84118      0.04270      25    159.46562    50.92546    
159.70847    50.80970     5.81       -1.05585     1.01124      0.04461      1.40839      1.88334      0.09412      25    159.70847    50.80970    
157.78178    51.44299     53.40      0.08783      -0.17386     0.08603      0.20198      1.07772      0.03406      18    157.78178    51.44299    
158.02464    51.32723     46.60      0.63273      -1.46264     0.82991      1.58730      9.22311      0.60117      19    158.02464    51.32723    
158.26750    51.21147     39.80      -0.00144     -0.25479     0.25624      0.82163      3.02941      0.17713      21    158.26750    51.21147    
158.51035    51.09571     33.00      -0.54004     0.17320      0.36684      1.95151      4.71216      0.33048      22    158.51035    51.09571    
158.75320    50.97995     26.20      -1.21717     0.89589      0.32128      2.57821      4.99480      0.43678      23    158.75320    50.97995    
158.99606    50.86419     19.40      -1.49605     1.28781      0.20824      2.26429      4.00194      0.36826      24    158.99606    50.86419    
159.23891    50.74843     12.60      -0.55401     0.49882      0.05519      0.74057      1.18411      0.11236      25    159.23891    50.74843    
159.48177    50.63267     5.81       -1.20585     1.10482      0.10103      1.62762      2.42824      0.21700      25    159.48177    50.63267    
157.55508    51.26595     53.40      0.12104      -0.55533     0.43429      1.98318      4.48068      0.84890      17    157.55508    51.26595    
157.79794    51.15019     46.60      -0.14108     -0.26890     0.40998      1.25363      3.81853      0.60115      19    157.79794    51.15019    
158.04079    51.03443     39.80      -0.26436     -0.07129     0.33566      0.97688      2.66813      0.36851      21    158.04079    51.03443    
158.28365    50.91867     33.00      -1.13030     0.47547      0.65482      2.82171      5.78681      0.74665      22    158.28365    50.91867    
158.52649    50.80291     26.20      -2.22166     1.39081      0.83085      4.35325      8.27038      0.99738      23    158.52649    50.80291    
158.76935    50.68715     19.40      -1.61195     1.17558      0.43637      2.73531      4.98642      0.55470      24    158.76935    50.68715    
159.01221    50.57139     12.60      -1.10107     0.86660      0.23446      1.73586      3.02356      0.33215      25    159.01221    50.57139    
159.25505    50.45563     5.81       -2.95005     2.35398      0.59606      4.61892      7.99241      0.81021      25    159.25505    50.45563    
157.32837    51.08892     53.40      0.34202      -1.86672     1.52470      5.57582      7.78235      2.17166      17    157.32837    51.08892    
157.57123    50.97316     46.60      -0.24842     -0.40294     0.65136      2.07521      3.21968      0.68966      19    157.57123    50.97316    
157.81409    50.85740     39.80      -0.32818     -0.11935     0.44753      1.32504      2.42417      0.43197      21    157.81409    50.85740    
158.05693    50.74163     33.00      -0.21169     0.01344      0.19824      0.66695      1.17876      0.19143      23    158.05693    50.74163    
158.29979    50.62587     26.20      -0.58574     0.16587      0.41987      1.53468      2.73180      0.38314      24    158.29979    50.62587    
158.54265    50.51011     19.40      -0.70398     0.32120      0.38277      1.38654      2.79801      0.32779      25    158.54265    50.51011    
158.78549    50.39435     12.60      -0.61094     0.32508      0.28587      1.13608      2.22328      0.24572      26    158.78549    50.39435    
159.02835    50.27859     5.81       -1.73732     0.98477      0.75255      3.20195      6.07252      0.65826      26    159.02835    50.27859    
157.10167    50.91188     53.40      -0.34703     -0.32031     0.66734      1.81971      1.68004      0.51556      18    157.10167    50.91188    
157.34453    50.79612     46.60      -0.20473     -0.27276     0.47749      1.18951      1.42796      0.34894      20    157.34453    50.79612    
157.58737    50.68036     39.80      -0.15634     -0.10342     0.25976      0.62798      0.90683      0.17537      22    157.58737    50.68036    
157.83023    50.56460     33.00      -0.48397     -0.15123     0.63520      1.60579      2.35952      0.40162      23    157.83023    50.56460    
158.07309    50.44884     26.20      -0.22210     -0.06379     0.28589      0.76229      1.22453      0.17324      25    158.07309    50.44884    
158.31593    50.33308     19.40      -0.40716     -0.01978     0.42694      1.16727      2.08407      0.25261      26    158.31593    50.33308    
158.55879    50.21732     12.60      -0.33728     0.00939      0.32789      0.91801      1.77517      0.19492      27    158.55879    50.21732    
158.80164    50.10155     5.81       -0.94781     0.05380      0.89401      2.52431      5.06677      0.52174      27    158.80164    50.10155    
156.87495    50.73484     53.40      -0.18330     -2.24293     2.42623      5.46805      7.03935      1.02070      18    156.87495    50.73484    
157.11781    50.61908     46.60      -0.15207     -0.82970     0.98177      2.05452      3.05201      0.36203      21    157.11781    50.61908    
157.36067    50.50332     39.80      -0.24270     -0.41449     0.65719      1.42258      2.04096      0.24927      23    157.36067    50.50332    
157.60352    50.38756     33.00      -0.40129     -0.30289     0.70418      1.51803      2.09379      0.27759      24    157.60352    50.38756    
157.84637    50.27180     26.20      -0.73005     -0.47609     1.20614      2.64840      3.96078      0.50180      25    157.84637    50.27180    
158.08923    50.15604     19.40      -0.72365     -0.39459     1.11824      2.52901      4.08653      0.47325      26    158.08923    50.15604    
158.33208    50.04028     12.60      -0.39246     -0.22942     0.62188      1.46924      2.46002      0.25898      27    158.33208    50.04028    
158.57494    49.92452     5.81       -0.15380     -0.07005     0.22385      0.53065      0.96406      0.09266      28    158.57494    49.92452    
156.64825    50.55781     53.40      -0.02131     -0.37229     0.39359      0.67768      1.11227      0.10631      19    156.64825    50.55781    
156.89111    50.44205     46.60      -0.17062     -0.84955     1.02017      1.91956      2.63638      0.22759      21    156.89111    50.44205    
157.13396    50.32629     39.80      -0.07204     -0.21594     0.28798      0.57694      0.81538      0.06865      24    157.13396    50.32629    
157.37682    50.21053     33.00      -0.39772     -0.69272     1.09044      2.21768      3.19576      0.29882      25    157.37682    50.21053    
157.61967    50.09476     26.20      -0.24771     -0.31466     0.56238      1.17720      1.62978      0.16388      26    157.61967    50.09476    
157.86252    49.97900     19.40      -0.77998     -0.90908     1.68907      3.59550      5.14423      0.50781      26    157.86252    49.97900    
158.10538    49.86324     12.60      -0.18023     -0.22842     0.40865      0.87118      1.32930      0.12382      27    158.10538    49.86324    
158.34824    49.74748     5.81       -0.41876     -0.46639     0.88515      1.83427      3.09052      0.26303      27    158.34824    49.74748    
156.42155    50.38077     53.40      -0.30219     -1.99735     2.29954      3.41323      5.52480      0.37407      18    156.42155    50.38077    
156.66440    50.26501     46.60      -0.14754     -0.72513     0.87267      1.51782      2.08740      0.14155      21    156.66440    50.26501    
156.90726    50.14925     39.80      -0.25881     -1.04052     1.29933      2.36813      3.25282      0.24242      23    156.90726    50.14925    
157.15010    50.03349     33.00      -0.77592     -2.04005     2.81597      5.10062      7.20824      0.58861      24    157.15010    50.03349    
157.39296    49.91773     26.20      -0.98681     -1.86944     2.85625      5.44779      7.70635      0.62730      25    157.39296    49.91773    
157.63582    49.80197     19.40      -0.96472     -1.67345     2.63818      5.05419      8.01416      0.59267      26    157.63582    49.80197    
157.87866    49.68621     12.60      -0.11254     -0.19961     0.31215      0.59762      0.96411      0.07070      27    157.87866    49.68621    
158.12152    49.57045     5.81       -0.50937     -0.94734     1.45671      2.85943      4.96010      0.32941      27    158.12152    49.57045    
156.19484    50.20374     53.40      -0.04702     -2.53825     2.58527      4.20706      6.93499      0.38226      18    156.19484    50.20374    
156.43770    50.08797     46.60      -0.03894     -0.29812     0.33707      0.58276      0.76279      0.04876      21    156.43770    50.08797    
156.68054    49.97221     39.80      -0.26703     -1.28930     1.55632      2.73442      3.38598      0.24599      22    156.68054    49.97221    
156.92340    49.85645     33.00      -0.09415     -0.34612     0.44027      0.75497      1.04529      0.07379      24    156.92340    49.85645    
157.16626    49.74069     26.20      -0.33136     -0.98441     1.31578      2.33940      3.64489      0.22711      25    157.16626    49.74069    
157.40910    49.62493     19.40      -0.09852     -0.27115     0.36967      0.70608      1.19747      0.06596      27    157.40910    49.62493    
157.65196    49.50917     12.60      -0.13617     -0.39863     0.53480      1.01368      1.76494      0.09416      27    157.65196    49.50917    
157.89482    49.39341     5.81       -0.12173     -0.35130     0.47303      0.91409      1.54967      0.08614      27    157.89482    49.39341    
155.96814    50.02670     53.40      0.07107      -0.99132     0.92025      1.60121      1.85373      0.15536      18    155.96814    50.02670    
156.21098    49.91094     46.60      -0.00515     -0.39366     0.39881      0.56318      0.79155      0.05352      20    156.21098    49.91094    
156.45384    49.79518     39.80      -0.06035     -0.56354     0.62389      0.87716      1.16788      0.07910      21    156.45384    49.79518    
156.69670    49.67942     33.00      -0.34501     -2.57659     2.92160      4.36474      6.61670      0.40838      22    156.69670    49.67942    
156.93954    49.56366     26.20      -0.37260     -2.37713     2.74973      4.50210      7.96911      0.40294      24    156.93954    49.56366    
157.18240    49.44790     19.40      -0.09405     -0.42190     0.51595      0.93350      1.70507      0.07787      26    157.18240    49.44790    
157.42525    49.33213     12.60      -0.41049     -1.75287     2.16336      4.12342      7.62077      0.31970      26    157.42525    49.33213    
157.66811    49.21637     5.81       -0.08162     -0.37363     0.45525      0.86811      1.46539      0.06857      26    157.66811    49.21637    
155.74142    49.84966     53.40      0.02567      -0.59894     0.57327      0.90980      1.25046      0.04177      18    155.74142    49.84966    
155.98428    49.73390     46.60      -0.03324     -0.73652     0.76976      0.88671      1.38762      0.04742      19    155.98428    49.73390    
156.22713    49.61814     39.80      -0.05309     -1.21581     1.26890      1.49498      2.45066      0.09278      20    156.22713    49.61814    
156.46999    49.50238     33.00      -0.03476     -0.55671     0.59147      0.83044      1.44794      0.05644      22    156.46999    49.50238    
156.71284    49.38662     26.20      -0.13411     -2.08922     2.22333      3.37681      6.77392      0.24488      23    156.71284    49.38662    
156.95569    49.27086     19.40      -0.05729     -0.57576     0.63306      1.10177      1.96670      0.07036      24    156.95569    49.27086    
157.19855    49.15510     12.60      -0.20157     -2.03747     2.23904      4.04717      7.56711      0.25743      24    157.19855    49.15510    
157.44141    49.03934     5.81       -0.06735     -0.93675     1.00410      1.81872      3.24205      0.12164      24    157.44141    49.03934    
155.51472    49.67263     53.40      -0.28227     -2.20511     2.48738      4.57216      5.84307      -0.00778     17    155.51472    49.67263    
155.75757    49.55687     46.60      -0.01926     -0.34700     0.36626      0.54027      0.80738      0.00431      19    155.75757    49.55687    
156.00043    49.44110     39.80      -0.03541     -0.86272     0.89813      1.14524      2.49927      0.02422      20    156.00043    49.44110    
156.24329    49.32534     33.00      -0.00485     -0.27320     0.27805      0.44568      0.92405      0.01291      22    156.24329    49.32534    
156.48613    49.20958     26.20      0.00103      -0.27329     0.27226      0.43756      1.03199      0.01622      23    156.48613    49.20958    
156.72899    49.09382     19.40      -0.01046     -0.55292     0.56338      0.92258      1.83616      0.04335      22    156.72899    49.09382    
156.97183    48.97806     12.60      0.00403      -0.92712     0.92309      1.35332      3.28899      0.08009      22    156.97183    48.97806    
157.21469    48.86230     5.81       0.00759      -0.24273     0.23515      0.33955      0.91989      0.02139      23    157.21469    48.86230    
155.28801    49.49559     53.40      0.37090      -2.67383     2.30293      2.25993      1.09502      -0.09522     16    155.28801    49.49559    
155.53087    49.37983     46.60      0.10593      -1.27009     1.16416      1.50549      1.94632      -0.02889     17    155.53087    49.37983    
155.77373    49.26407     39.80      -0.02975     -0.68758     0.71732      1.03872      1.75605      0.00266      18    155.77373    49.26407    
156.01657    49.14831     33.00      -0.20528     -2.44391     2.64918      4.59981      7.50091      0.03506      18    156.01657    49.14831    
156.25943    49.03255     26.20      -0.03667     -1.82277     1.85944      2.72015      7.43116      0.05261      19    156.25943    49.03255    
156.50227    48.91679     19.40      -0.05477     -1.38395     1.43872      2.32832      5.48208      0.06948      19    156.50227    48.91679    
156.74513    48.80103     12.60      -0.00716     -1.44784     1.45500      2.33244      5.74856      0.09476      19    156.74513    48.80103    
156.98799    48.68526     5.81       0.03141      -0.79283     0.76142      1.21477      2.73431      0.05475      19    156.98799    48.68526    
