   1    1   -66.0000   -50.0000   53.21336  160.04885     53.395     1.5272  7.33400e-01 -8.60000e-01  1.26600e-01  1.24170e+00  3.84100e-01 -2.98000e-02   20  284.55   74.75   17.51   74.69  118.64   81.40  171.71  332.76   77.04   29.19   59.43    8.29   -9.71
   1    2   -66.0000   -25.0000   53.03632  159.82215     53.395     2.2507  9.25800e-01 -9.46500e-01  2.07000e-02  1.87720e+00  7.74800e-01 -2.62000e-01   20  264.63   68.28   13.16   77.35  105.94   86.32  161.35  333.44   69.09   32.26   57.50    3.59   -6.02
   1    3   -66.0000     0.0000   52.85928  159.59544     53.395     2.4545  1.68370e+00 -1.58930e+00 -9.44000e-02  1.32840e+00  1.16220e+00 -4.83800e-01   20  268.58   56.52   24.99   68.44  119.59   77.04  156.40  305.11   61.35   22.40   64.25   12.04    8.97
   1    4   -66.0000    25.0000   52.68225  159.36873     53.395     2.4435  1.78590e+00 -1.73860e+00 -4.73000e-02  1.22440e+00  1.05890e+00 -4.96900e-01   20  270.05   58.47   27.44   66.14  118.62   76.03  158.93  303.65   64.21   19.97   66.01   12.75    5.91
   1    5   -66.0000    50.0000   52.50521  159.14203     53.395     1.8785  8.56700e-01 -8.53900e-01 -2.80000e-03  8.14500e-01  1.43800e+00 -3.36600e-01   20  271.10   37.07   20.66   77.51  142.20   73.41  140.63  286.70   40.75   30.58   54.54   16.19   25.11
   1    6   -66.0000    75.0000   52.32817  158.91532     53.395     1.8347  5.54000e-02 -2.26000e-01  1.70600e-01  1.04570e+00  1.49560e+00 -4.60000e-03   20  303.61   35.41    5.91   89.81  178.19   84.09  131.27  299.52   35.43   44.51   44.88    5.91    9.57
   1    7   -66.0000   100.0000   52.15114  158.68861     53.395     1.8502  3.36700e-01 -3.87400e-01  5.07000e-02  1.13810e+00  1.43180e+00  7.75000e-02   20  284.53   40.32    7.12   86.89  154.04   83.59  136.37  303.58   40.67   41.55   47.73    6.40   28.68
   1    8   -66.0000   125.0000   51.97410  158.46190     53.395     1.9547  7.14100e-01 -7.64000e-01  4.99000e-02  1.13410e+00  1.43520e+00 -7.59000e-02   20  279.62   43.63   15.43   81.22  145.01   77.26  144.60  298.90   45.60   35.01   52.14   12.59   30.65
   1    9   -66.0000   150.0000   51.79706  158.23520     53.395     1.9994  2.87600e-01 -4.07100e-01  1.19500e-01  9.29700e-01  1.74230e+00 -6.65000e-02   20  280.76   29.71    7.99   87.39  160.88   82.45  126.89  291.87   30.06   41.92   47.09    7.55   21.43
   1   10   -66.0000   175.0000   51.62003  158.00849     53.395     2.1340  4.05800e-01 -5.77600e-01  1.71800e-01  7.35400e-01  1.98320e+00  3.09000e-02   20  274.47   22.97    7.14   87.72  161.37   83.23  119.45  285.97   23.24   42.34   46.86    6.76   41.64
   1   11   -66.0000   200.0000   51.44299  157.78178     53.395     1.8253  1.46200e-01 -2.89400e-01  1.43200e-01  3.36200e-01  1.79390e+00  5.67000e-02   20  282.18  190.82    0.85   89.98 -178.64  -89.15  101.67  279.97   10.82   45.01   44.97    0.85   29.92
   1   12   -66.0000   225.0000   51.26595  157.55508     53.395     1.5000  3.69000e-02 -1.69300e-01  1.32400e-01  6.04600e-01  1.36600e+00  2.58800e-01   20   72.67  203.16    3.46   87.75  -40.54  -92.63  110.42  295.69  203.26   47.19   42.69    2.63   37.55
   1   13   -66.0000   250.0000   51.08892  157.32837     53.395     1.7491  6.18000e-02 -3.37300e-01  2.75500e-01  1.00750e+00  1.40620e+00  3.92400e-01   20  331.91  218.07    7.16   87.09 -155.99  -83.45  134.92  301.87   37.73   47.52   41.74    6.54   49.58
   1   14   -66.0000   275.0000   50.91188  157.10166     53.395     2.1738 -2.92200e-01 -2.69700e-01  5.61900e-01  1.53220e+00  1.41460e+00  4.34100e-01   20  342.15  228.24   13.29   84.53 -155.51  -77.87  151.35  307.32   47.07   49.07   38.38   12.07   22.18
   1   15   -66.0000   300.0000   50.73484  156.87496     53.395     2.6726 -5.33000e-02 -6.52200e-01  7.05500e-01  1.59000e+00  2.04690e+00  2.96800e-01   20  320.69  220.29   13.55   87.51 -169.32  -76.68  143.83  297.82   39.70   45.90   41.05   13.31   28.48
   1   16   -66.0000   325.0000   50.55781  156.64825     53.395     2.8150 -4.46000e-02 -7.79200e-01  8.23800e-01  1.41840e+00  2.32800e+00  2.22500e-01   20  315.61  214.40   13.81   87.27 -168.47  -76.46  138.22  291.78   33.74   46.09   40.76   13.53   33.67
   1   17   -66.0000   350.0000   50.38077  156.42154     53.395     2.5506 -1.13500e-01 -7.50200e-01  8.63700e-01  1.28200e+00  2.07510e+00  1.40500e-01   20  315.63  214.57   16.15   86.82 -168.49  -74.16  140.67  290.02   33.66   45.93   39.79   15.81   29.59
   1   18   -66.0000   375.0000   50.20373  156.19483     53.395     2.6347 -1.47000e-02 -7.93500e-01  8.08200e-01  1.31520e+00  2.16800e+00  1.19500e-01   20  312.12  214.46   15.52   87.88 -172.05  -74.63  139.84  290.09   33.87   45.03   40.93   15.36   30.73
   1   19   -66.0000   400.0000   50.02670  155.96813     53.395     2.1819  5.91000e-02 -8.24400e-01  7.65300e-01  1.33160e+00  1.54160e+00  1.29200e-01   20  314.44  224.04   21.22   89.85 -179.58  -68.78  153.99  294.19   43.98   41.38   41.09   21.22   20.07
   1   20   -66.0000   425.0000   49.84966  155.74142     53.395     1.9929  3.11000e-02 -7.25600e-01  6.94500e-01  1.10220e+00  1.51490e+00  5.06000e-02   20  311.44  219.42   20.13   89.26 -177.85  -69.89  148.61  290.65   39.15   42.30   40.90   20.11   23.28
   1   21   -66.0000   450.0000   49.67263  155.51471     53.395     1.7000 -6.17000e-02 -4.82000e-01  5.43700e-01  9.99400e-01  1.27720e+00 -1.70000e-03   20  314.23  218.85   17.20   88.33 -174.36  -72.88  145.70  292.85   38.33   44.11   40.91   17.12   10.13
   1   22   -66.0000   475.0000   49.49559  155.28801     53.395     0.4494  4.83000e-02 -3.48200e-01  2.99900e-01  2.94300e-01  1.42600e-01 -1.24000e-02   20  317.33   48.89   44.88   88.44  177.80   45.14  173.59  283.16   50.44   28.81   31.35   44.83  -49.27
   2    1   -44.0000   -50.0000   53.09759  160.29171     46.597     2.2286  8.39400e-01 -8.89800e-01  5.04000e-02  1.94450e+00  6.29800e-01 -2.12600e-01   20  264.62   72.45   11.94   78.32  101.92   87.50  164.56  339.23   72.96   33.27   56.61    2.45   -7.69
   2    2   -44.0000   -25.0000   52.92056  160.06500     46.597     3.8046  1.49430e+00 -1.57180e+00  7.75000e-02  3.13790e+00  1.44380e+00 -4.52200e-01   20  267.31   66.10   13.04   77.82  110.71   85.32  160.03  330.02   67.09   32.66   56.94    4.58   -7.39
   2    3   -44.0000     0.0000   52.74352  159.83829     46.597     3.9219  1.97830e+00 -2.02800e+00  4.97000e-02  2.86570e+00  1.61710e+00 -7.60800e-01   20  264.09   62.06   17.40   73.80  111.11   83.56  157.24  322.74   63.87   28.52   60.69    6.18  -11.29
   2    4   -44.0000    25.0000   52.56649  159.61159     46.597     3.5041  2.08690e+00 -2.17880e+00  9.19000e-02  2.25260e+00  1.50840e+00 -6.14700e-01   20  272.01   60.51   22.04   70.96  119.59   78.70  159.32  313.11   64.25   25.13   62.39   10.68   -4.11
   2    5   -44.0000    50.0000   52.38945  159.38488     46.597     3.5391  1.32180e+00 -1.33880e+00  1.70000e-02  2.04220e+00  2.51460e+00 -5.38700e-01   20  272.37   42.53   15.99   79.53  138.73   77.85  142.81  297.88   44.77   33.45   53.93   11.95   10.76
   2    6   -44.0000    75.0000   52.21241  159.15817     46.597     3.8785  9.15800e-01 -1.04370e+00  1.27900e-01  1.81080e+00  3.32140e+00 -1.67200e-01   20  273.81   31.48   10.26   85.20  151.95   80.93  129.80  291.69   32.25   39.54   49.03    9.04   28.61
   2    7   -44.0000   100.0000   52.03538  158.93147     46.597     3.5866  4.20900e-01 -4.76400e-01  5.55000e-02  1.76110e+00  3.10970e+00  5.48000e-02   20  271.20   30.17    3.75   88.18  150.98   86.72  123.34  296.78   30.27   43.09   46.72    3.28   20.71
   2    8   -44.0000   125.0000   51.85834  158.70476     46.597     3.4754  6.08400e-01 -7.98700e-01  1.90300e-01  1.90420e+00  2.84450e+00 -1.07000e-02   20  283.64   35.84    8.56   86.75  157.58   82.08  133.28  297.52   36.29   41.23   47.68    7.91   24.96
   2    9   -44.0000   150.0000   51.68130  158.47805     46.597     3.7652  7.28500e-01 -9.50600e-01  2.22100e-01  1.54460e+00  3.38280e+00 -1.00000e-03   20  275.38   27.06    7.94   87.05  158.13   82.62  124.03  289.34   27.44   41.60   47.45    7.37   35.13
   2   10   -44.0000   175.0000   51.50427  158.25134     46.597     3.6956  7.58300e-01 -1.02780e+00  2.69500e-01  1.11970e+00  3.49740e+00  1.14000e-01   20  266.59   19.99    5.66   87.74  156.50   84.80  114.97  284.60   20.19   42.52   47.01    5.19   46.04
   2   11   -44.0000   200.0000   51.32723  158.02464     46.597     3.5896  2.42600e-01 -5.60800e-01  3.18200e-01  6.08600e-01  3.53630e+00  2.30500e-01   20   76.71  189.47    1.30   89.50  -22.76  -91.20   98.26  280.66  189.48   45.49   44.48    1.20   31.43
   2   12   -44.0000   225.0000   51.15019  157.79793     46.597     3.2677 -1.13800e-01 -2.16900e-01  3.30700e-01  1.01120e+00  3.08010e+00  4.84900e-01   20   72.30  197.53    5.10   87.05  -35.33  -94.17  103.14  291.49  197.74   47.79   41.91    4.16   25.73
   2   13   -44.0000   250.0000   50.97316  157.57122     46.597     3.2346 -2.06900e-01 -3.35600e-01  5.42500e-01  1.72840e+00  2.68160e+00  5.74400e-01   20  358.80  213.43    5.45   85.51 -124.51  -86.90  126.79  300.55   33.18   49.40   40.43    3.09   33.95
   2   14   -44.0000   275.0000   50.79612  157.34452     46.597     3.8791 -4.14100e-01 -5.51700e-01  9.65800e-01  2.40600e+00  2.88830e+00  7.05800e-01   20  339.62  221.21   10.94   84.74 -151.15  -80.39  141.66  302.47   40.32   49.38   39.01    9.57   29.54
   2   15   -44.0000   300.0000   50.61908  157.11781     46.597     5.0663 -2.04100e-01 -1.11360e+00  1.31770e+00  2.75750e+00  4.09630e+00  4.85900e-01   20  321.45  215.92   11.73   86.82 -164.16  -78.70  137.65  295.38   35.29   47.02   40.77   11.28   28.71
   2   16   -44.0000   325.0000   50.44205  156.89110     46.597     5.0397 -2.54000e-01 -1.26470e+00  1.51870e+00  2.85760e+00  3.92470e+00  3.38800e-01   20  319.10  217.86   14.72   87.07 -168.39  -75.57  142.57  294.49   37.11   46.06   40.37   14.41   22.49
   2   17   -44.0000   350.0000   50.26501  156.66439     46.597     4.9525 -2.71000e-01 -1.33190e+00  1.60290e+00  2.78790e+00  3.83410e+00  2.60000e-01   20  317.93  217.77   16.04   87.10 -169.43  -74.22  143.75  293.22   36.95   45.68   40.07   15.76   20.79
   2   18   -44.0000   375.0000   50.08797  156.43769     46.597     4.5616 -1.76100e-01 -1.34810e+00  1.52420e+00  2.63520e+00  3.44930e+00  2.20500e-01   20  316.68  219.32   17.46   87.69 -172.29  -72.69  146.53  293.32   38.60   44.67   40.25   17.30   19.75
   2   19   -44.0000   400.0000   49.91094  156.21098     46.597     3.6399 -1.80000e-02 -1.37540e+00  1.39340e+00  1.96770e+00  2.76560e+00  1.87000e-01   20  313.49  219.49   21.25   88.45 -175.71  -68.80  149.85  290.06   38.89   42.70   39.78   21.19   27.92
   2   20   -44.0000   425.0000   49.73390  155.98427     46.597     2.9349 -5.44000e-02 -1.20540e+00  1.25980e+00  1.45120e+00  2.27100e+00  7.76000e-02   20  311.90  217.37   23.37   88.05 -175.07  -66.71  149.58  286.38   36.53   42.32   38.68   23.27   30.59
   2   21   -44.0000   450.0000   49.55686  155.75757     46.597     2.7267 -5.10000e-02 -9.18700e-01  9.69700e-01  1.43040e+00  2.13760e+00  1.14000e-02   20  311.46  216.43   19.24   88.25 -174.68  -70.84  145.12  288.74   35.83   43.57   40.24   19.15   21.80
   2   22   -44.0000   475.0000   49.37983  155.53086     46.597     1.2797  4.95000e-02 -5.93500e-01  5.44000e-01  7.03500e-01  9.09500e-01 -1.35000e-02   20  310.16   41.46   26.30   89.36  178.55   63.71  155.15  287.35   41.78   38.75   39.93   26.29   17.24
   3    1   -22.0000   -50.0000   52.98183  160.53456     39.798     2.3490  5.17000e-01 -6.11300e-01  9.43000e-02  2.20380e+00  4.73600e-01 -3.86800e-01   20  224.80   77.90    9.25   82.23   57.24   95.04  163.45  353.76  257.22   37.04   52.51    4.99  -18.24
   3    2   -22.0000   -25.0000   52.80480  160.30785     39.798     4.2187  1.25230e+00 -1.85440e+00  6.02100e-01  3.35180e+00  1.92250e+00 -6.64400e-01   20  282.78   59.99   14.49   79.26  131.87   80.22  158.28  317.98   61.83   33.56   54.72    9.61  -26.08
   3    3   -22.0000     0.0000   52.62776  160.08115     39.798     4.8532  1.71340e+00 -1.93060e+00  2.17200e-01  3.89870e+00  2.07330e+00 -9.61400e-01   20  260.67   62.19   12.73   77.91  108.05   86.00  155.56  327.00   63.03   32.79   56.91    3.91  -21.35
   3    4   -22.0000    25.0000   52.45072  159.85444     39.798     4.0287  1.26290e+00 -1.03450e+00 -2.28400e-01  3.16670e+00  2.12130e+00 -5.89300e-01   20  248.72   56.48    9.61   80.60  102.07   87.97  148.24  324.02   56.81   35.57   54.35    2.00   -3.37
   3    5   -22.0000    50.0000   52.27369  159.62773     39.798     4.5716  7.61700e-01 -7.40700e-01 -2.10000e-02  3.01920e+00  3.31310e+00 -4.97700e-01   20  267.39   42.65    7.14   84.92  134.52   84.98  137.26  307.15   43.10   39.71   49.84    5.00   -3.76
   3    6   -22.0000    75.0000   52.09665  159.40103     39.798     4.8644  2.70000e-01 -3.48800e-01  7.88000e-02  2.49510e+00  4.15950e+00 -1.95800e-01   20  278.00   31.10    3.60   88.59  156.85   86.69  124.33  297.72   31.18   43.49   46.32    3.31    2.52
   3    7   -22.0000   100.0000   51.91961  159.17432     39.798     4.5013 -1.52700e-01  1.68400e-01 -1.57000e-02  2.34790e+00  3.83930e+00 -5.08000e-02   20   90.44  211.49    0.88   89.55  -31.06  -90.75  120.74  302.24  211.50   45.45   44.54    0.75   -7.13
   3    8   -22.0000   125.0000   51.74258  158.94761     39.798     4.8866 -1.12000e-01 -2.42000e-02  1.36200e-01  2.80810e+00  3.99690e+00  4.37000e-02   20  349.35  215.08    0.99   89.31 -135.73  -89.29  125.80  304.38   35.08   45.69   44.30    0.71    0.50
   3    9   -22.0000   150.0000   51.56554  158.72090     39.798     5.0026 -6.09000e-02 -7.05000e-02  1.31400e-01  2.19880e+00  4.49220e+00  5.55000e-02   20  343.25  206.09    0.77   89.44 -132.84  -89.48  116.62  295.57   26.08   45.56   44.43    0.52    2.99
   3   10   -22.0000   175.0000   51.38851  158.49420     39.798     4.9872  2.64100e-01 -5.31400e-01  2.67300e-01  1.81890e+00  4.64000e+00  1.18400e-01   20  289.77   21.74    2.17   89.93  178.03   87.83  113.90  289.57   21.74   44.88   45.03    2.17   19.25
   3   11   -22.0000   200.0000   51.21147  158.26749     39.798     5.0178 -2.30000e-03 -4.06800e-01  4.09100e-01  1.31180e+00  4.83670e+00  2.82800e-01   20   32.39  195.12    1.49   88.58  -72.74  -90.44  104.67  285.55  195.13   46.42   43.58    0.44   18.76
   3   12   -22.0000   225.0000   51.03443  158.04078     39.798     4.9842 -4.58700e-01 -1.23700e-01  5.82400e-01  1.69500e+00  4.62950e+00  6.39400e-01   20   57.46  199.90    4.97   86.05  -52.55  -93.03  106.65  292.74  200.11   48.86   40.98    3.02   17.39
   3   13   -22.0000   250.0000   50.85740  157.81408     39.798     4.9625 -5.79900e-01 -2.10900e-01  7.90800e-01  2.34140e+00  4.28360e+00  7.63300e-01   20   27.43  208.67    5.18   84.83  -91.23  -89.89  118.80  298.57   28.66   50.17   39.83    0.11   23.62
   3   14   -22.0000   275.0000   50.68036  157.58737     39.798     5.5154 -7.61600e-01 -5.03800e-01  1.26540e+00  3.05910e+00  4.41750e+00  8.54300e-01   20  351.32  215.25    8.12   84.13 -133.64  -84.38  131.51  300.14   34.67   50.56   38.88    5.59   24.84
   3   15   -22.0000   300.0000   50.50332  157.36066     39.798     6.7673 -6.43400e-01 -1.09880e+00  1.74220e+00  3.77120e+00  5.41050e+00  6.60800e-01   20  329.85  215.82   10.52   85.67 -155.60  -80.40  136.06  296.97   35.09   48.47   39.93    9.57   21.95
   3   16   -22.0000   325.0000   50.32629  157.13395     39.798     7.3294 -5.12700e-01 -1.53680e+00  2.04950e+00  4.10600e+00  5.80300e+00  4.88600e-01   20  321.83  216.51   12.75   86.58 -164.31  -77.71  139.27  295.12   35.76   47.04   40.35   12.27   20.41
   3   17   -22.0000   350.0000   50.14925  156.90725     39.798     6.9698 -4.31000e-01 -1.73280e+00  2.16380e+00  3.94370e+00  5.41700e+00  4.03700e-01   20  319.30  217.58   15.01   86.88 -167.88  -75.31  142.59  294.01   36.76   46.17   40.13   14.67   20.32
   3   18   -22.0000   375.0000   49.97221  156.68054     39.798     6.0939 -3.55400e-01 -1.71600e+00  2.07140e+00  3.63940e+00  4.50660e+00  3.27400e-01   20  318.93  220.28   17.44   87.29 -170.94  -72.76  147.54  294.43   39.44   45.07   39.88   17.22   16.52
   3   19   -22.0000   400.0000   49.79518  156.45383     39.798     4.7319 -1.81800e-01 -1.69770e+00  1.87950e+00  2.64250e+00  3.51830e+00  2.38300e-01   20  315.81  219.81   21.25   87.67 -173.56  -68.87  150.36  290.64   38.91   43.45   39.07   21.11   23.06
   3   20   -22.0000   425.0000   49.61814  156.22713     39.798     4.0606 -6.97000e-02 -1.59610e+00  1.66580e+00  1.96260e+00  3.21720e+00  1.21800e-01   20  311.57  216.21   21.85   87.85 -174.22  -68.25  147.23  286.49   35.35   43.06   39.03   21.74   32.70
   3   21   -22.0000   450.0000   49.44110  156.00042     39.798     4.0215 -5.00000e-02 -1.21810e+00  1.26810e+00  1.61700e+00  3.52880e+00  3.42000e-02   20  308.33  208.03   14.64   87.32 -169.36  -75.60  132.65  284.63   27.34   45.82   40.63   14.39   34.90
   3   22   -22.0000   475.0000   49.26407  155.77371     39.798     2.0956 -2.91000e-02 -6.72600e-01  7.01700e-01  1.01610e+00  1.71780e+00  2.60000e-03   20  309.80  213.61   17.56   88.04 -173.51  -72.55  140.84  287.40   32.99   44.29   40.54   17.44   26.19
   4    1     0.0000   -50.0000   52.86607  160.77741     33.000     2.2344 -3.07500e-01  1.82800e-01  1.24700e-01  2.16370e+00  1.97900e-01 -4.76200e-01   20  163.70  266.99   12.76   87.02  -13.61 -102.41  164.21    8.57  267.65   46.59   40.76   12.40  -16.13
   4    2     0.0000   -25.0000   52.68904  160.55071     33.000     4.1587  1.44000e-02 -2.98300e-01  2.83900e-01  3.62660e+00  1.96580e+00 -8.91000e-01   20  192.84   62.54    4.87   86.84   40.40   93.71  149.02  336.47  242.33   41.73   48.03    3.71  -38.86
   4    3     0.0000     0.0000   52.51200  160.32400     33.000     4.5952 -3.88400e-01  1.34300e-01  2.54100e-01  3.91980e+00  2.34680e+00 -1.02640e+00   20  159.69   61.24    6.29   89.07    8.50   96.22  145.16  337.53  241.14   43.74   45.59    6.22  -43.17
   4    4     0.0000    25.0000   52.33496  160.09729     33.000     3.8101 -4.99900e-01  5.30700e-01 -3.08000e-02  2.91710e+00  2.37670e+00 -1.13300e+00   20  148.77   55.74   10.19   89.46    3.08  100.18  135.81  335.86  235.65   43.57   44.64   10.18  -56.77
   4    5     0.0000    50.0000   52.15793  159.87059     33.000     4.6582 -5.45600e-01  5.60600e-01 -1.50000e-02  3.18230e+00  3.39210e+00 -7.37300e-01   20  130.07  224.28    3.33   89.76   -4.21  -93.32  130.95  317.57  224.29   45.15   44.66    3.32  -39.55
   4    6     0.0000    75.0000   51.98089  159.64388     33.000     5.1131 -9.97700e-01  1.02450e+00 -2.68000e-02  3.03320e+00  4.07270e+00 -4.69800e-01   20   98.80  218.36    5.29   87.39  -29.66  -94.60  123.55  312.75  218.57   47.42   42.21    4.59  -38.44
   4    7     0.0000   100.0000   51.80385  159.41717     33.000     5.3080 -1.17100e+00  1.25640e+00 -8.54000e-02  2.89150e+00  4.37430e+00 -2.78600e-01   20   95.52  215.69    6.99   86.47  -30.36  -96.04  119.29  311.36  216.07   48.19   41.18    6.03  -36.99
   4    8     0.0000   125.0000   51.62682  159.19046     33.000     6.0105 -1.08960e+00  1.03130e+00  5.83000e-02  3.36030e+00  4.91580e+00 -8.03000e-02   20   86.72  215.43    5.37   86.63  -38.84  -94.19  120.98  309.38  215.68   48.20   41.49    4.18  -24.56
   4    9     0.0000   150.0000   51.44978  158.96376     33.000     6.1314 -1.00390e+00  9.69000e-01  3.49000e-02  3.10070e+00  5.23210e+00  1.81000e-02   20   84.06  211.56    5.06   86.91  -37.61  -94.02  117.32  305.37  211.78   47.94   41.78    4.01  -21.66
   4   10     0.0000   175.0000   51.27274  158.73705     33.000     6.1244 -6.08700e-01  3.92100e-01  2.16600e-01  2.60450e+00  5.51730e+00  1.85000e-01   20   61.93  205.43    2.92   87.65  -53.54  -91.73  113.62  297.10  205.50   47.32   42.63    1.73   -6.95
   4   11     0.0000   200.0000   51.09571  158.51034     33.000     6.1556 -6.47600e-01  2.07700e-01  4.39900e-01  2.34020e+00  5.65070e+00  3.96300e-01   20   53.15  202.58    3.61   86.89  -59.48  -91.84  110.64  294.32  202.68   48.08   41.86    1.83    1.27
   4   12     0.0000   225.0000   50.91867  158.28364     33.000     6.2534 -1.07830e+00  4.53600e-01  6.24700e-01  2.69190e+00  5.52060e+00  7.12300e-01   20   59.43  206.24    6.15   84.85  -56.96  -93.36  112.53  299.33  206.54   50.05   39.76    3.35    2.49
   4   13     0.0000   250.0000   50.74163  158.05693     33.000     6.5391 -1.00300e+00  6.37000e-02  9.39300e-01  3.16010e+00  5.58510e+00  9.07000e-01   20   37.78  209.49    5.58   84.47  -81.75  -90.80  118.59  300.22  209.56   50.52   39.47    0.80   14.77
   4   14     0.0000   275.0000   50.56460  157.83022     33.000     6.8331 -1.12900e+00 -3.52800e-01  1.48180e+00  3.74600e+00  5.50430e+00  9.36900e-01   20  359.30  214.39    7.48   83.87 -124.85  -85.71  129.20  300.50   33.93   50.95   38.73    4.26   18.06
   4   15     0.0000   300.0000   50.38756  157.60352     33.000     7.7216 -1.16270e+00 -8.77600e-01  2.04030e+00  4.39840e+00  6.06660e+00  8.04300e-01   20  339.08  216.18   10.11   84.47 -146.69  -81.52  135.49  298.48   35.36   49.84   38.90    8.44   16.11
   4   16     0.0000   325.0000   50.21053  157.37681     33.000     8.7981 -8.74300e-01 -1.52280e+00  2.39710e+00  4.87510e+00  7.02520e+00  6.56900e-01   20  326.78  215.54   11.45   85.80 -158.36  -79.34  136.84  295.72   34.75   48.14   39.89   10.63   18.73
   4   17     0.0000   350.0000   50.03349  157.15010     33.000     8.2043 -6.94700e-01 -1.82650e+00  2.52120e+00  4.56670e+00  6.45370e+00  5.27000e-01   20  321.99  216.48   13.97   86.20 -164.05  -76.55  140.48  294.13   35.58   47.15   39.74   13.42   19.99
   4   18     0.0000   375.0000   49.85645  156.92339     33.000     7.4374 -5.19900e-01 -1.91130e+00  2.43120e+00  4.16900e+00  5.77220e+00  4.07500e-01   20  319.27  217.35   15.73   86.67 -167.63  -74.62  143.07  293.23   36.43   46.20   39.76   15.35   20.16
   4   19     0.0000   400.0000   49.67942  156.69669     33.000     6.3044 -2.60800e-01 -1.94770e+00  2.20850e+00  3.29940e+00  5.00170e+00  3.08700e-01   20  315.29  216.22   17.49   87.16 -170.51  -72.73  143.55  290.38   35.34   45.19   39.74   17.25   26.95
   4   20     0.0000   425.0000   49.50238  156.46998     33.000     5.6655 -1.12700e-01 -1.80520e+00  1.91790e+00  2.69280e+00  4.69510e+00  1.83000e-01   20  311.72  213.30   16.80   87.47 -171.21  -73.39  139.93  287.95   32.54   45.09   40.22   16.59   31.54
   4   21     0.0000   450.0000   49.32534  156.24327     33.000     5.4689 -2.52000e-02 -1.42040e+00  1.44560e+00  2.31710e+00  4.80420e+00  6.71000e-02   20  308.45  208.23   12.31   87.78 -169.55  -77.89  130.54  286.79   27.75   45.91   41.57   12.10   30.23
   4   22     0.0000   475.0000   49.14831  156.01657     33.000     2.6785 -6.03000e-02 -7.17900e-01  7.78200e-01  1.35120e+00  2.20340e+00  1.03000e-02   20  311.08  213.45   14.85   87.98 -172.12  -75.28  138.20  289.64   32.92   45.10   41.19   14.71   21.34
   5    1    22.0000   -50.0000   52.75031  161.02027     26.202     2.4905 -1.29190e+00  1.13540e+00  1.56500e-01  2.05870e+00  4.03300e-01 -6.01200e-01   20  135.52  266.70   22.08   75.05  -43.35 -106.44  155.21    9.82  271.05   56.90   28.22   15.86  -19.85
   5    2    22.0000   -25.0000   52.57328  160.79356     26.202     3.8242 -1.63420e+00  1.51720e+00  1.17000e-01  3.05070e+00  1.53420e+00 -1.03400e+00   20  138.18  255.07   23.43   78.91  -28.93 -110.77  141.21    2.06  259.25   51.70   30.85   20.36  -41.82
   5    3    22.0000     0.0000   52.39624  160.56685     26.202     5.0301 -1.83000e+00  1.75250e+00  7.75000e-02  4.09850e+00  2.19780e+00 -1.22260e+00   20  136.74  251.12   20.11   81.41  -25.76 -108.25  140.83  356.60  253.94   50.32   33.94   18.04  -41.81
   5    4    22.0000    25.0000   52.21920  160.34015     26.202     4.8253 -2.46010e+00  2.60770e+00 -1.47600e-01  3.30630e+00  2.27910e+00 -1.31300e+00   20  134.71  252.97   29.79   74.83  -31.78 -115.95  132.03    3.00  260.23   53.00   25.38   24.98  -42.79
   5    5    22.0000    50.0000   52.04217  160.11344     26.202     5.1321 -2.63390e+00  2.71490e+00 -8.10000e-02  3.10500e+00  3.31970e+00 -1.05760e+00   20  123.77  241.87   26.80   76.61  -30.90 -113.44  124.26  350.42  247.61   52.64   27.87   22.76  -61.41
   5    6    22.0000    75.0000   51.86513  159.88673     26.202     5.3285 -2.57980e+00  2.74390e+00 -1.64100e-01  2.95390e+00  3.86710e+00 -7.99300e-01   20  115.23  233.18   23.13   78.68  -29.98 -110.30  119.64  339.77  237.33   52.10   30.76   19.89  -63.49
   5    7    22.0000   100.0000   51.68809  159.66003     26.202     6.2105 -2.50970e+00  2.70170e+00 -1.92000e-01  3.23030e+00  4.91880e+00 -4.61800e-01   20  103.18  222.34   16.20   81.94  -30.15 -104.11  116.41  324.55  224.35   51.09   35.44   13.96  -56.19
   5    8    22.0000   125.0000   51.51106  159.43332     26.202     6.8781 -2.19480e+00  2.24100e+00 -4.62000e-02  3.89140e+00  5.38160e+00 -1.77400e-01   20   96.95  220.20   11.50   83.64  -33.78  -99.60  119.52  318.79  221.27   50.47   37.92    9.54  -39.96
   5    9    22.0000   150.0000   51.33402  159.20661     26.202     7.0563 -2.14470e+00  2.18850e+00 -4.38000e-02  3.72630e+00  5.71950e+00  2.41000e-02   20   93.10  216.88   11.01   83.82  -34.27  -99.14  116.74  315.09  217.87   50.37   38.17    9.08  -36.45
   5   10    22.0000   175.0000   51.15698  158.97990     26.202     6.8481 -1.68620e+00  1.58270e+00  1.03500e-01  3.36750e+00  5.78300e+00  2.81000e-01   20   84.54  212.23    8.56   84.74  -38.00  -96.77  114.82  308.42  212.86   49.82   39.38    6.74  -25.37
   5   11    22.0000   200.0000   50.97995  158.75320     26.202     7.1115 -1.51010e+00  1.11150e+00  3.98600e-01  3.19870e+00  6.19690e+00  5.41900e-01   20   71.89  208.27    7.08   84.87  -46.60  -94.87  112.92  302.75  208.71   49.91   39.68    4.86  -13.71
   5   12    22.0000   225.0000   50.80291  158.52649     26.202     7.3256 -1.69690e+00  1.06230e+00  6.34600e-01  3.32500e+00  6.31690e+00  7.61800e-01   20   66.43  208.59    7.67   83.93  -52.41  -94.70  113.32  302.85  209.09   50.86   38.75    4.67   -8.74
   5   13    22.0000   250.0000   50.62587  158.29978     26.202     7.8115 -1.43050e+00  4.05100e-01  1.02540e+00  3.74800e+00  6.67160e+00  9.35700e-01   20   45.09  209.41    5.96   84.26  -74.41  -91.61  117.62  300.88  209.57   50.71   39.24    1.60    6.21
   5   14    22.0000   275.0000   50.44884  158.07308     26.202     8.4064 -1.26830e+00 -3.64300e-01  1.63260e+00  4.35310e+00  6.99280e+00  9.89300e-01   20    2.42  211.99    6.36   84.46 -119.42  -86.86  125.47  299.12   31.69   50.45   39.38    3.12   15.90
   5   15    22.0000   300.0000   50.27180  157.84637     26.202     8.8850 -1.32610e+00 -8.64800e-01  2.19090e+00  4.81070e+00  7.19460e+00  9.11500e-01   20  342.60  214.00    8.84   84.46 -141.06  -83.11  131.60  297.72   33.33   50.08   39.08    6.86   16.64
   5   16    22.0000   325.0000   50.09476  157.61966     26.202     9.4646 -1.13260e+00 -1.43870e+00  2.57130e+00  5.38240e+00  7.45170e+00  7.49300e-01   20  330.29  216.28   11.19   85.40 -155.58  -79.79  137.21  296.93   35.45   48.62   39.57   10.17   15.96
   5   17    22.0000   350.0000   49.91773  157.39295     26.202     9.1587 -9.26400e-01 -1.75500e+00  2.68140e+00  5.11430e+00  7.23460e+00  5.88900e-01   20  324.68  216.02   12.75   85.86 -160.90  -77.93  138.73  294.94   35.13   47.79   39.69   12.04   17.46
   5   18    22.0000   375.0000   49.74069  157.16625     26.202     8.8320 -6.54100e-01 -1.94320e+00  2.59730e+00  4.61790e+00  7.19490e+00  4.48300e-01   20  319.85  214.03   13.07   86.38 -163.78  -77.43  137.11  292.43   33.22   47.18   40.10   12.54   21.61
   5   19    22.0000   400.0000   49.56366  156.93954     26.202     8.1819 -3.23000e-01 -2.06070e+00  2.38370e+00  3.90280e+00  6.90830e+00  3.49300e-01   20  314.92  211.66   13.14   86.94 -166.39  -77.22  134.81  289.77   30.96   46.59   40.60   12.76   28.17
   5   20    22.0000   425.0000   49.38662  156.71283     26.202     7.1690 -1.23500e-01 -1.92390e+00  2.04740e+00  3.10960e+00  6.23790e+00  2.25500e-01   20  311.27  209.18   12.81   87.27 -167.61  -77.47  132.01  287.46   28.57   46.31   40.98   12.51   32.34
   5   21    22.0000   450.0000   49.20958  156.48613     26.202     6.4101  5.80000e-03 -1.53510e+00  1.52930e+00  2.45780e+00  5.79680e+00  9.11000e-02   20  307.73  205.14   10.22   87.75 -167.21  -80.03  125.36  285.67   24.75   46.36   41.92    9.97   31.65
   5   22    22.0000   475.0000   49.03255  156.25942     26.202     3.5278 -1.61000e-02 -8.00300e-01  8.16400e-01  1.19430e+00  3.26270e+00  2.31000e-02   20  307.56  202.00    9.13   87.53 -164.25  -81.20  121.09  283.65   21.62   46.77   41.89    8.79   31.87
   6    1    44.0000   -50.0000   52.63455  161.26312     19.403     2.8510 -1.78150e+00  1.68590e+00  9.56000e-02  1.86130e+00  1.27220e+00 -6.36900e-01   20  128.30  254.53   29.66   71.40  -40.14 -113.52  133.19    2.37  262.43   57.14   22.89   22.23  -43.99
   6    2    44.0000   -25.0000   52.45751  161.03641     19.403     4.5606 -2.84060e+00  2.79160e+00  4.90000e-02  2.97250e+00  1.79480e+00 -1.18900e+00   20  132.30  257.91   31.38   70.45  -40.00 -115.04  134.40    6.68  266.80   57.18   21.53   23.51  -35.83
   6    3    44.0000     0.0000   52.28048  160.80971     19.403     5.6176 -3.54810e+00  3.63010e+00 -8.20000e-02  3.46110e+00  2.30860e+00 -1.48550e+00   20  132.33  257.23   33.25   69.44  -39.83 -116.73  131.39    7.02  267.26   57.10   20.06   24.90  -34.55
   6    4    44.0000    25.0000   52.10344  160.58300     19.403     6.1804 -4.19640e+00  4.36850e+00 -1.72100e-01  3.30890e+00  2.73470e+00 -1.58340e+00   20  130.85  256.60   36.58   66.56  -41.88 -118.92  126.26    7.52  269.00   58.12   16.65   26.34  -35.66
   6    5    44.0000    50.0000   51.92641  160.35629     19.403     6.4201 -4.29480e+00  4.59080e+00 -2.96000e-01  3.06780e+00  3.52730e+00 -1.33730e+00   20  127.30  250.93   37.74   66.80  -40.06 -120.64  119.63    2.98  264.06   56.90   16.29   27.93  -47.34
   6    6    44.0000    75.0000   51.74937  160.12959     19.403     6.2762 -3.84530e+00  4.15420e+00 -3.08900e-01  3.18060e+00  3.88350e+00 -1.02410e+00   20  122.70  244.42   33.52   70.80  -36.54 -118.02  118.74  355.25  254.34   55.29   20.92   26.34  -54.37
   6    7    44.0000   100.0000   51.57233  159.90288     19.403     6.8352 -3.49880e+00  3.74800e+00 -2.49200e-01  3.64200e+00  4.87700e+00 -6.31700e-01   20  111.77  232.27   24.07   77.23  -32.83 -110.57  117.70  338.82  237.02   53.32   29.29   20.04  -57.21
   6    8    44.0000   125.0000   51.39530  159.67617     19.403     7.5988 -3.19760e+00  3.34020e+00 -1.42600e-01  4.39380e+00  5.51730e+00 -2.45600e-01   20  103.85  226.69   17.26   80.43  -34.05 -104.44  119.88  328.95  229.14   52.44   33.90   14.23  -44.87
   6    9    44.0000   150.0000   51.21826  159.44946     19.403     7.6134 -3.01230e+00  3.04380e+00 -3.15000e-02  4.33110e+00  5.66330e+00  4.64000e-02   20   98.24  223.61   15.32   80.99  -36.36 -102.44  119.14  324.31  225.59   52.44   34.84   12.28  -39.09
   6   10    44.0000   175.0000   51.04122  159.22276     19.403     7.6552 -2.54840e+00  2.40050e+00  1.47900e-01  4.15420e+00  6.02680e+00  3.22600e-01   20   89.18  218.17   11.84   82.49  -39.59  -99.17  117.69  316.26  219.37   51.67   36.85    9.09  -30.76
   6   11    44.0000   200.0000   50.86419  158.99605     19.403     7.9214 -2.47570e+00  2.13110e+00  3.44600e-01  3.74700e+00  6.62250e+00  6.09400e-01   20   80.56  212.26   10.78   82.78  -42.21  -98.03  113.12  309.39  213.27   51.58   37.29    7.96  -26.06
   6   12    44.0000   225.0000   50.68715  158.76934     19.403     8.0366 -2.20420e+00  1.60750e+00  5.96700e-01  3.74030e+00  6.81850e+00  7.58500e-01   20   71.80  210.26    8.98   83.26  -48.81  -95.94  113.52  305.59  210.96   51.40   37.98    5.90  -16.73
   6   13    44.0000   250.0000   50.51011  158.54264     19.403     8.7369 -1.92320e+00  8.77500e-01  1.04570e+00  3.78790e+00  7.64390e+00  8.95500e-01   20   53.78  206.79    6.78   83.95  -63.17  -93.07  113.35  299.58  207.12   50.96   38.88    3.05   -4.34
   6   14    44.0000   275.0000   50.33308  158.31593     19.403     9.5436 -1.59550e+00 -7.75000e-02  1.67300e+00  4.57410e+00  8.16670e+00  9.89900e-01   20   15.46  209.23    5.75   84.42 -103.70  -88.64  120.75  297.98   29.09   50.56   39.40    1.36   10.29
   6   15    44.0000   300.0000   50.15604  158.08922     19.403     9.8116 -1.44440e+00 -7.87600e-01  2.23200e+00  5.04790e+00  8.15670e+00  9.44600e-01   20  346.61  211.90    7.67   84.59 -135.04  -84.55  127.91  296.92   31.39   50.13   39.35    5.42   15.72
   6   16    44.0000   325.0000   49.97900  157.86252     19.403     9.9190 -1.19990e+00 -1.39850e+00  2.59840e+00  5.53120e+00  7.91370e+00  7.81200e-01   20  331.50  215.36   10.47   85.35 -153.48  -80.62  135.44  296.75   34.59   48.82   39.64    9.35   16.07
   6   17    44.0000   350.0000   49.80197  157.63581     19.403    10.0726 -9.98300e-01 -1.73170e+00  2.73000e+00  5.23010e+00  8.29310e+00  6.13300e-01   20  325.41  213.01   10.98   85.77 -157.22  -79.85  133.80  293.66   32.26   48.27   39.94   10.12   19.19
   6   18    44.0000   375.0000   49.62493  157.40910     19.403    10.2147 -7.06800e-01 -1.94530e+00  2.65210e+00  5.06560e+00  8.59100e+00  4.73200e-01   20  320.30  211.63   10.87   86.48 -161.01  -79.71  132.42  292.05   31.00   47.54   40.62   10.27   21.47
   6   19    44.0000   400.0000   49.44789  157.18239     19.403     9.4122 -4.44900e-01 -1.99590e+00  2.44080e+00  4.41610e+00  8.06620e+00  3.68400e-01   20  316.49  210.23   11.05   86.87 -163.45  -79.39  131.25  290.31   29.64   47.11   40.95   10.59   25.01
   6   20    44.0000   425.0000   49.27086  156.95569     19.403     7.6288 -1.88600e-01 -1.89530e+00  2.08390e+00  3.62680e+00  6.47400e+00  2.31600e-01   20  312.73  211.38   12.74   87.45 -168.37  -77.52  134.12  289.66   30.81   46.15   41.17   12.47   26.89
   6   21    44.0000   450.0000   49.09382  156.72898     19.403     5.7443 -2.85000e-02 -1.50640e+00  1.53490e+00  2.51350e+00  5.00250e+00  1.18100e-01   20  309.36  209.21   12.49   87.76 -169.61  -77.71  131.70  287.61   28.72   45.89   41.51   12.28   30.46
   6   22    44.0000   475.0000   48.91678  156.50227     19.403     3.4206 -3.09000e-02 -7.80800e-01  8.11700e-01  1.31360e+00  3.09290e+00  3.92000e-02   20  308.70  204.95   10.03   87.59 -166.04  -80.26  124.96  285.71   24.53   46.55   41.81    9.73   29.82
   7    1    66.0000   -50.0000   52.51879  161.50597     12.605     2.6005 -1.86720e+00  1.79250e+00  7.47000e-02  1.58390e+00  7.43000e-01 -6.53700e-01   20  128.93  263.21   32.03   66.41  -49.00 -112.32  138.40    9.65  272.54   61.94   18.45   20.36  -23.30
   7    2    66.0000   -25.0000   52.34175  161.27927     12.605     4.7154 -3.07880e+00  3.03180e+00  4.70000e-02  3.11460e+00  1.37180e+00 -1.24640e+00   20  131.83  262.23   30.65   69.00  -44.68 -112.84  139.47    9.30  270.82   59.52   20.79   21.25  -22.52
   7    3    66.0000     0.0000   52.16472  161.05256     12.605     6.0705 -4.16100e+00  4.28380e+00 -1.22800e-01  3.27250e+00  2.57440e+00 -1.62200e+00   20  131.58  257.87   36.63   66.25  -42.46 -118.74  127.33    8.63  270.33   58.46   16.42   26.11  -34.05
   7    4    66.0000    25.0000   51.98768  160.82585     12.605     7.0259 -5.02180e+00  5.31310e+00 -2.91300e-01  3.21670e+00  3.24360e+00 -1.76290e+00   20  130.08  256.47   39.70   63.78  -43.76 -120.95  121.69    8.41  271.30   58.92   13.39   27.47  -35.19
   7    5    66.0000    50.0000   51.81064  160.59915     12.605     7.2330 -5.16720e+00  5.55570e+00 -3.88500e-01  3.04310e+00  3.68310e+00 -1.60700e+00   20  128.30  253.84   40.72   63.42  -43.31 -122.06  117.98    6.47  269.50   58.47   12.68   28.34  -40.11
   7    6    66.0000    75.0000   51.63361  160.37244     12.605     7.2041 -4.64800e+00  5.01720e+00 -3.69200e-01  3.50820e+00  4.23640e+00 -1.20300e+00   20  123.66  246.71   35.43   68.79  -38.61 -119.07  118.45  357.98  258.09   56.30   18.68   26.94  -50.56
   7    7    66.0000   100.0000   51.45657  160.14573     12.605     7.8782 -4.22530e+00  4.54880e+00 -3.23500e-01  4.57070e+00  4.98080e+00 -7.73500e-01   20  115.75  238.06   25.82   75.50  -35.09 -111.60  121.46  345.10  243.72   54.45   27.35   20.88  -48.56
   7    8    66.0000   125.0000   51.27953  159.91902     12.605     8.3706 -4.04570e+00  4.22340e+00 -1.77700e-01  5.16110e+00  5.37740e+00 -3.12200e-01   20  108.57  233.72   20.66   77.75  -36.96 -106.77  123.28  337.45  237.38   54.26   30.77   16.37  -40.74
   7    9    66.0000   150.0000   51.10250  159.69232     12.605     8.2858 -3.72750e+00  3.74500e+00 -1.75000e-02  4.97930e+00  5.66880e+00  4.30000e-02   20  101.47  228.78   17.78   79.00  -38.67 -104.06  121.82  330.54  231.52   53.93   32.57   13.79  -37.74
   7   10    66.0000   175.0000   50.92546  159.46561     12.605     8.2033 -3.32580e+00  3.15140e+00  1.74400e-01  4.52720e+00  6.17660e+00  3.13500e-01   20   92.35  221.69   14.73   80.54  -40.27 -101.34  118.28  321.41  223.57   53.14   34.58   11.19  -35.89
   7   11    66.0000   200.0000   50.74843  159.23890     12.605     8.3466 -3.12010e+00  2.80930e+00  3.10800e-01  4.17080e+00  6.66870e+00  6.32800e-01   20   85.39  216.23   13.31   81.20  -41.61 -100.03  114.49  314.93  217.78   52.77   35.45    9.91  -30.88
   7   12    66.0000   225.0000   50.57139  159.01220     12.605     8.7508 -2.65660e+00  2.09090e+00  5.65700e-01  4.18820e+00  7.29510e+00  8.01400e-01   20   75.96  211.97   10.12   82.68  -46.46  -97.01  113.94  308.20  212.87   51.83   37.30    6.95  -20.90
   7   13    66.0000   250.0000   50.39435  158.78549     12.605     9.5667 -2.28120e+00  1.21380e+00  1.06740e+00  4.24200e+00  8.30150e+00  9.17500e-01   20   57.21  207.70    7.18   83.74  -60.68  -93.53  113.72  300.90  208.09   51.14   38.65    3.51   -8.78
   7   14    66.0000   275.0000   50.21732  158.55878     12.605    10.3990 -1.72430e+00  4.80000e-02  1.67630e+00  4.69320e+00  9.07530e+00  9.96500e-01   20   22.18  207.33    5.38   84.64  -95.13  -89.52  117.86  296.89   27.28   50.36   39.64    0.48    7.95
   7   15    66.0000   300.0000   50.04028  158.33208     12.605    10.5259 -1.41420e+00 -8.26700e-01  2.24090e+00  5.29430e+00  8.86450e+00  9.33200e-01   20  346.22  211.01    7.05   84.98 -134.57  -85.04  126.45  296.44   30.57   49.78   39.78    4.94   15.46
   7   16    66.0000   325.0000   49.86324  158.10537     12.605    10.2838 -1.13860e+00 -1.44300e+00  2.58160e+00  5.50350e+00  8.39760e+00  7.82200e-01   20  330.92  213.76    9.74   85.52 -152.50  -81.34  133.06  295.78   33.08   48.78   39.92    8.63   17.75
   7   17    66.0000   350.0000   49.68621  157.87866     12.605    10.1421 -9.80300e-01 -1.73870e+00  2.71900e+00  5.20560e+00  8.39790e+00  6.15800e-01   20  325.28  212.60   10.78   85.80 -156.95  -80.06  133.16  293.43   31.86   48.28   40.01    9.91   19.70
   7   18    66.0000   375.0000   49.50917  157.65195     12.605    10.3631 -6.77500e-01 -1.98340e+00  2.66090e+00  5.04360e+00  8.78150e+00  4.68500e-01   20  319.79  211.03   10.67   86.53 -160.94  -79.91  131.61  291.62   30.42   47.53   40.70   10.08   22.22
   7   19    66.0000   400.0000   49.33213  157.42525     12.605    10.0140 -4.64800e-01 -1.98480e+00  2.44960e+00  4.66900e+00  8.62910e+00  3.62000e-01   20  316.66  209.75   10.29   86.98 -162.82  -80.16  129.98  290.50   29.22   47.14   41.18    9.83   23.68
   7   20    66.0000   425.0000   49.15510  157.19854     12.605     8.1599 -1.87300e-01 -1.89320e+00  2.08050e+00  3.76060e+00  7.03130e+00  2.39200e-01   20  312.58  210.04   11.51   87.47 -167.21  -78.77  131.57  289.46   29.54   46.40   41.43   11.22   26.78
   7   21    66.0000   450.0000   48.97806  156.97183     12.605     5.9404  6.60000e-03 -1.51880e+00  1.51220e+00  2.21700e+00  5.38800e+00  1.31200e-01   20  308.36  204.85   10.57   87.51 -166.28  -79.73  125.42  285.14   24.40   46.54   41.63   10.26   34.95
   7   22    66.0000   475.0000   48.80102  156.74513     12.605     3.4323 -3.90000e-03 -7.88400e-01  7.92300e-01  1.27010e+00  3.13030e+00  5.16000e-02   20  308.12  204.06    9.49   87.67 -165.75  -80.80  123.53  285.31   23.68   46.56   41.97    9.19   31.49
   8    1    88.0000   -50.0000   52.40303  161.74883      5.807     2.5698 -1.69970e+00  1.68450e+00  1.52000e-02  1.72600e+00  5.82500e-01 -6.70100e-01   20  130.68  264.68   29.49   68.55  -47.98 -110.74  143.66   10.23  272.57   60.94   20.91   19.24  -14.17
   8    2    88.0000   -25.0000   52.22599  161.52212      5.807     4.6811 -3.16830e+00  3.17070e+00 -2.40000e-03  2.95720e+00  1.28360e+00 -1.27380e+00   20  131.51  263.21   31.80   67.58  -46.36 -113.17  138.78   10.36  272.48   60.53   19.35   21.33  -18.11
   8    3    88.0000     0.0000   52.04896  161.29541      5.807     6.3352 -4.40040e+00  4.53160e+00 -1.31200e-01  3.31910e+00  2.76020e+00 -1.63220e+00   20  130.71  257.29   37.00   65.82  -42.90 -118.90  126.17    8.11  270.03   58.69   15.97   26.16  -35.22
   8    4    88.0000    25.0000   51.87192  161.06871      5.807     7.5089 -5.27170e+00  5.56360e+00 -2.91900e-01  3.37090e+00  3.88640e+00 -1.73730e+00   20  129.02  253.98   39.80   64.47  -42.31 -121.64  119.57    6.44  268.85   57.99   13.80   28.26  -43.49
   8    5    88.0000    50.0000   51.69488  160.84200      5.807     7.7669 -5.43530e+00  5.83100e+00 -3.95700e-01  3.42110e+00  4.12620e+00 -1.56780e+00   20  126.81  251.86   39.28   64.84  -42.19 -121.22  118.12    4.08  266.31   57.99   14.28   27.98  -43.63
   8    6    88.0000    75.0000   51.51785  160.61529      5.807     7.7601 -4.84050e+00  5.26770e+00 -4.27200e-01  3.84760e+00  4.72510e+00 -1.23740e+00   20  122.80  244.95   34.32   70.04  -37.27 -118.51  118.23  356.01  255.46   55.63   20.03   26.66  -52.50
   8    7    88.0000   100.0000   51.34081  160.38859      5.807     8.3336 -4.44340e+00  4.81740e+00 -3.74000e-01  4.68430e+00  5.45430e+00 -8.02800e-01   20  115.16  236.74   25.97   75.69  -34.37 -111.91  119.97  344.04  242.42   54.14   27.44   21.19  -50.92
   8    8    88.0000   125.0000   51.16377  160.16188      5.807     8.8928 -4.44380e+00  4.63500e+00 -1.91200e-01  5.28970e+00  5.82370e+00 -3.74100e-01   20  108.67  233.36   21.61   77.30  -36.67 -107.63  121.79  337.69  237.35   54.38   30.13   17.18  -43.80
   8    9    88.0000   150.0000   50.98674  159.93517      5.807     8.8173 -4.13040e+00  4.12990e+00  5.00000e-04  5.17730e+00  6.06540e+00  1.25000e-02   20  101.56  228.80   18.55   78.52  -38.72 -104.67  120.97  330.99  231.79   54.20   31.98   14.37  -40.18
   8   10    88.0000   175.0000   50.80970  159.70846      5.807     8.5242 -3.55290e+00  3.40280e+00  1.50100e-01  4.73920e+00  6.33740e+00  3.16700e-01   20   93.68  222.66   15.41   80.16  -40.01 -101.92  118.49  322.82  224.73   53.37   34.12   11.74  -36.32
   8   11    88.0000   200.0000   50.63266  159.48176      5.807     8.6384 -3.34080e+00  3.06090e+00  2.79900e-01  4.50930e+00  6.72740e+00  6.01200e-01   20   87.69  218.39   13.91   80.82  -41.54 -100.50  116.01  317.44  220.08   53.05   35.00   10.37  -31.50
   8   12    88.0000   225.0000   50.45563  159.25505      5.807     9.1329 -2.80620e+00  2.23920e+00  5.67000e-01  4.39370e+00  7.60270e+00  7.70700e-01   20   76.47  212.25   10.13   82.70  -46.22  -97.05  114.18  308.51  213.15   51.80   37.32    6.99  -22.57
   8   13    88.0000   250.0000   50.27859  159.02834      5.807     9.9695 -2.45610e+00  1.39220e+00  1.06390e+00  4.52670e+00  8.58490e+00  9.30600e-01   20   59.21  208.54    7.38   83.64  -59.54  -93.76  114.30  301.94  208.96   51.22   38.53    3.73  -10.54
   8   14    88.0000   275.0000   50.10156  158.80164      5.807    10.8182 -1.78120e+00  1.01100e-01  1.68010e+00  4.74390e+00  9.52190e+00  9.80500e-01   20   24.19  206.47    5.24   84.77  -92.27  -89.79  116.70  296.28   26.46   50.23   39.77    0.21    6.68
   8   15    88.0000   300.0000   49.92452  158.57493      5.807    11.0693 -1.52020e+00 -6.92400e-01  2.21260e+00  5.24520e+00  9.52930e+00  9.15900e-01   20  351.37  208.91    6.28   85.02 -127.37  -86.18  123.10  295.39   28.58   49.85   39.90    3.80   13.85
   8   16    88.0000   325.0000   49.74748  158.34822      5.807    10.6083 -1.20980e+00 -1.34740e+00  2.55720e+00  5.29920e+00  8.92850e+00  7.59900e-01   20  332.94  211.14    8.70   85.39 -147.90  -82.61  129.12  294.33   30.54   49.10   39.95    7.36   18.02
   8   17    88.0000   350.0000   49.57045  158.12151      5.807    10.7842 -9.38900e-01 -1.74620e+00  2.68510e+00  5.27070e+00  9.14280e+00  6.07200e-01   20  325.04  210.76    9.63   86.01 -155.42  -81.23  130.08  292.63   30.15   48.27   40.39    8.75   20.43
   8   18    88.0000   375.0000   49.39341  157.89481      5.807    10.3166 -6.81900e-01 -1.96780e+00  2.64970e+00  5.12030e+00  8.68050e+00  4.82500e-01   20  320.08  211.67   10.78   86.56 -161.28  -79.77  132.37  292.14   31.05   47.48   40.70   10.21   21.68
   8   19    88.0000   400.0000   49.21637  157.66810      5.807     9.3695 -4.38000e-01 -2.00510e+00  2.44310e+00  4.65870e+00  7.86400e+00  3.68000e-01   20  316.62  212.11   11.63   87.05 -165.20  -78.75  133.74  291.58   31.52   46.80   41.01   11.24   23.03
   8   20    88.0000   425.0000   49.03934  157.44139      5.807     7.8262 -1.38200e-01 -1.92210e+00  2.06030e+00  3.73180e+00  6.65230e+00  2.49600e-01   20  312.30  211.41   12.35   87.63 -168.86  -77.87  133.77  289.99   30.90   46.05   41.42   12.12   27.10
   8   21    88.0000   450.0000   48.86230  157.21469      5.807     6.3366  4.83000e-02 -1.54540e+00  1.49710e+00  2.16180e+00  5.85660e+00  1.36200e-01   20  307.77  202.46    9.10   87.58 -164.50  -81.22  121.51  284.12   22.09   46.73   41.94    8.77   35.67
   8   22    88.0000   475.0000   48.68526  156.98798      5.807     3.1407  3.23000e-02 -8.15300e-01  7.83000e-01  1.24920e+00  2.81180e+00  5.63000e-02   20  307.07  206.55   11.20   87.93 -169.28  -78.99  127.75  286.09   26.14   45.99   41.92   11.00   33.41
