160.04886    53.21336     53.40      2.65637      -1.58288     -1.07349     2.21427      0.89834      -0.98376     17    160.04886    53.21336    
160.29172    53.09760     46.60      1.05752      -0.55535     -0.50217     1.03338      0.45109      -0.51356     18    160.29172    53.09760    
160.53456    52.98183     39.80      0.79610      -0.40079     -0.39531     1.12462      0.42304      -0.55980     18    160.53456    52.98183    
160.77742    52.86607     33.00      0.27134      0.22181      -0.49315     7.51599      1.84108      -2.39251     17    160.77742    52.86607    
161.02028    52.75031     26.20      -0.94725     0.58742      0.35983      1.50071      0.36035      -0.17582     18    161.02028    52.75031    
161.26312    52.63455     19.40      -3.68269     2.34653      1.33616      4.38913      1.85524      0.01218      18    161.26312    52.63455    
161.50598    52.51879     12.60      -1.02673     0.61340      0.41333      0.91651      0.37467      0.15034      19    161.50598    52.51879    
161.74884    52.40303     5.81       -0.86834     0.53948      0.32887      0.89289      0.27398      0.10640      19    161.74884    52.40303    
159.82216    53.03632     53.40      1.43467      -0.76266     -0.67200     1.20744      0.57350      -0.66594     18    159.82216    53.03632    
160.06500    52.92056     46.60      2.59866      -1.41279     -1.18588     2.72937      1.39926      -1.25824     19    160.06500    52.92056    
160.30786    52.80480     39.80      4.34345      -2.94593     -1.39752     5.39431      2.88960      -2.80393     19    160.30786    52.80480    
160.55070    52.68904     33.00      1.07129      -0.49227     -0.57901     3.85673      1.58779      -1.48756     19    160.55070    52.68904    
160.79356    52.57328     26.20      -0.81662     0.65185      0.16477      2.06949      0.76384      -0.48115     19    160.79356    52.57328    
161.03642    52.45752     19.40      -1.45651     0.99594      0.46057      1.65175      0.72183      -0.06745     20    161.03642    52.45752    
161.27927    52.34175     12.60      -0.90115     0.57752      0.32364      0.89445      0.38685      0.04968      21    161.27927    52.34175    
161.52213    52.22599     5.81       -2.11684     1.32146      0.79538      1.93759      0.79822      0.21018      21    161.52213    52.22599    
159.59544    52.85928     53.40      5.79111      -2.88714     -2.90397     2.44291      2.53469      -3.08693     18    159.59544    52.85928    
159.83830    52.74352     46.60      1.24894      -0.64940     -0.59954     0.89810      0.66636      -0.69738     20    159.83830    52.74352    
160.08115    52.62776     39.80      5.64759      -2.98599     -2.66160     5.90793      3.98936      -3.63287     20    160.08115    52.62776    
160.32401    52.51200     33.00      0.44315      -0.17132     -0.27183     1.66854      0.98711      -0.64428     20    160.32401    52.51200    
160.56686    52.39624     26.20      -0.87294     0.83881      0.03413      3.33814      1.69900      -0.72985     20    160.56686    52.39624    
160.80971    52.28048     19.40      -1.40393     1.00892      0.39501      1.56614      0.79406      -0.10653     21    160.80971    52.28048    
161.05257    52.16472     12.60      -1.25187     0.84289      0.40898      1.13623      0.62617      0.02456      22    161.05257    52.16472    
161.29543    52.04896     5.81       -4.10998     2.68017      1.42981      3.57365      2.06905      0.26064      22    161.29543    52.04896    
159.36874    52.68225     53.40      1.78573      -0.90905     -0.87668     0.56937      0.60513      -0.94941     19    159.36874    52.68225    
159.61159    52.56649     46.60      2.41183      -1.27245     -1.13938     1.18815      1.31121      -1.27346     20    159.61159    52.56649    
159.85445    52.45073     39.80      4.60575      -1.87310     -2.73266     4.13132      3.73170      -2.66887     20    159.85445    52.45073    
160.09731    52.33496     33.00      0.48143      -0.06590     -0.41553     1.47888      1.43623      -0.77130     20    160.09731    52.33496    
160.34015    52.21920     26.20      -1.58177     1.52035      0.06142      3.80221      2.71946      -0.91413     20    160.34015    52.21920    
160.58301    52.10344     19.40      -6.31994     4.54627      1.77367      6.46813      4.59859      -0.36910     21    160.58301    52.10344    
160.82585    51.98768     12.60      -0.97819     0.67086      0.30733      0.83429      0.59165      0.02996      23    160.82585    51.98768    
161.06871    51.87192     5.81       -3.06963     2.06373      1.00589      2.67009      1.87629      0.17384      23    161.06871    51.87192    
159.14203    52.50521     53.40      3.18284      -1.63027     -1.55257     0.90302      2.02657      -1.73801     18    159.14203    52.50521    
159.38489    52.38945     46.60      1.74417      -0.89045     -0.85372     0.93285      1.26312      -0.92492     20    159.38489    52.38945    
159.62773    52.27369     39.80      4.70929      -2.12441     -2.58488     4.89441      5.24115      -2.70431     20    159.62773    52.27369    
159.87059    52.15793     33.00      1.48340      -0.19501     -1.28839     5.72728      5.92652      -1.93685     20    159.87059    52.15793    
160.11345    52.04217     26.20      -0.83996     0.67630      0.16366      1.66438      1.59057      -0.20288     21    160.11345    52.04217    
160.35629    51.92641     19.40      -3.58773     2.54643      1.04130      3.48617      3.22323      0.13630      22    160.35629    51.92641    
160.59915    51.81065     12.60      -3.62002     2.47338      1.14664      2.99309      2.72915      0.23294      23    160.59915    51.81065    
160.84201    51.69489     5.81       -1.27720     0.86245      0.41475      1.11973      0.96081      0.11104      24    160.84201    51.69489    
158.91533    52.32817     53.40      1.30620      -0.73814     -0.56806     0.59930      1.00631      -0.62382     18    158.91533    52.32817    
159.15817    52.21241     46.60      1.21775      -0.61956     -0.59819     0.67239      1.07349      -0.61072     20    159.15817    52.21241    
159.40103    52.09665     39.80      2.33513      -1.04606     -1.28907     2.91538      4.04243      -1.35637     20    159.40103    52.09665    
159.64389    51.98089     33.00      0.03111      0.08219      -0.11330     1.09098      1.31216      -0.21948     21    159.64389    51.98089    
159.88673    51.86513     26.20      -0.56889     0.41205      0.15684      0.88966      0.99463      0.00030      22    159.88673    51.86513    
160.12959    51.74937     19.40      -1.86497     1.27220      0.59277      1.93411      2.07444      0.21139      23    160.12959    51.74937    
160.37245    51.63361     12.60      -4.80264     3.12416      1.67848      4.12352      4.31534      0.78661      24    160.37245    51.63361    
160.61530    51.51785     5.81       -2.01397     1.30880      0.70517      1.73358      1.80147      0.35760      25    160.61530    51.51785    
158.68861    52.15114     53.40      1.62383      -0.81658     -0.80725     0.96515      1.13311      -0.68884     18    158.68861    52.15114    
158.93147    52.03538     46.60      4.47347      -2.14148     -2.33200     3.28042      4.91410      -2.19106     19    158.93147    52.03538    
159.17432    51.91962     39.80      1.09238      -0.39828     -0.69410     1.92130      2.96985      -0.74212     20    159.17432    51.91962    
159.41718    51.80386     33.00      -0.30343     0.36827      -0.06484     2.02695      2.82463      -0.24595     21    159.41718    51.80386    
159.66003    51.68810     26.20      -0.57913     0.39721      0.18193      0.81981      1.05697      0.09403      23    159.66003    51.68810    
159.90288    51.57233     19.40      -2.61317     1.65536      0.95781      2.60400      3.12566      0.60027      24    159.90288    51.57233    
160.14574    51.45657     12.60      -0.86329     0.53364      0.32965      0.77062      0.85972      0.21954      26    160.14574    51.45657    
160.38860    51.34081     5.81       -4.43891     2.73835      1.70056      3.80957      4.23205      1.19066      26    160.38860    51.34081    
158.46191    51.97410     53.40      2.61536      -1.32749     -1.28787     1.20950      1.68832      -1.27156     18    158.46191    51.97410    
158.70476    51.85834     46.60      3.42840      -1.84642     -1.58198     2.63633      4.28388      -1.77467     19    158.70476    51.85834    
158.94762    51.74258     39.80      1.58198      -0.72561     -0.85637     3.68167      5.69091      -1.04539     20    158.94762    51.74258    
159.19048    51.62682     33.00      -0.14115     0.10995      0.03120      0.63045      0.94119      -0.02847     22    159.19048    51.62682    
159.43332    51.51106     26.20      -2.26197     1.40734      0.85463      3.24774      4.29917      0.53601      23    159.43332    51.51106    
159.67618    51.39530     19.40      -1.53385     0.91703      0.61682      1.57514      1.91480      0.46181      25    159.67618    51.39530    
159.91904    51.27954     12.60      -5.01021     2.91682      2.09338      4.42527      5.13781      1.60099      26    159.91904    51.27954    
160.16188    51.16378     5.81       -3.54355     2.04875      1.49480      2.93889      3.45327      1.16143      27    160.16188    51.16378    
158.23520    51.79707     53.40      0.78192      -0.42012     -0.36179     0.40764      0.79431      -0.45486     18    158.23520    51.79707    
158.47806    51.68130     46.60      3.21091      -1.73341     -1.47750     2.15370      4.28071      -1.75440     19    158.47806    51.68130    
158.72092    51.56554     39.80      1.20238      -0.54317     -0.65921     2.62331      5.03250      -0.87175     20    158.72092    51.56554    
158.96376    51.44978     33.00      -0.23765     0.17141      0.06624      0.84764      1.38525      -0.00213     22    158.96376    51.44978    
159.20662    51.33402     26.20      -4.12162     2.47239      1.64923      5.37218      7.45038      1.19973      23    159.20662    51.33402    
159.44946    51.21826     19.40      -2.95383     1.67252      1.28132      2.86488      3.58939      1.02127      25    159.44946    51.21826    
159.69232    51.10250     12.60      -1.08151     0.59604      0.48547      0.92406      1.11490      0.39853      27    159.69232    51.10250    
159.93518    50.98674     5.81       -0.70619     0.38532      0.32086      0.56721      0.70179      0.26387      28    159.93518    50.98674    
158.00850    51.62003     53.40      0.78171      -0.45738     -0.32433     0.37671      0.96814      -0.41257     18    158.00850    51.62003    
158.25134    51.50427     46.60      2.38423      -1.35518     -1.02904     1.32196      3.50695      -1.28711     19    158.25134    51.50427    
158.49420    51.38851     39.80      1.36510      -0.78046     -0.58464     2.11397      4.61946      -0.93892     20    158.49420    51.38851    
158.73706    51.27275     33.00      -0.85106     0.46504      0.38603      4.68435      8.35554      -0.19049     21    158.73706    51.27275    
158.97990    51.15699     26.20      -1.86590     1.04580      0.82009      2.65964      4.00773      0.61289      23    158.97990    51.15699    
159.22276    51.04123     19.40      -2.02702     1.07351      0.95351      2.07523      2.79067      0.78310      25    159.22276    51.04123    
159.46562    50.92546     12.60      -0.63156     0.32725      0.30431      0.53624      0.69720      0.25032      27    159.46562    50.92546    
159.70847    50.80970     5.81       -2.89626     1.50305      1.39321      2.30550      3.02076      1.15487      27    159.70847    50.80970    
157.78178    51.44299     53.40      3.41160      -1.83064     -1.58095     1.40278      5.69975      -1.98952     17    157.78178    51.44299    
158.02464    51.32723     46.60      0.79123      -0.47416     -0.31707     0.48407      1.80395      -0.44423     19    158.02464    51.32723    
158.26750    51.21147     39.80      0.56238      -0.41270     -0.14968     1.17584      3.13319      -0.41137     20    158.26750    51.21147    
158.51035    51.09571     33.00      -1.09265     0.31511      0.77754      3.81584      7.20395      0.22947      21    158.51035    51.09571    
158.75320    50.97995     26.20      -1.84487     0.84504      0.99983      2.50694      3.96949      0.75901      23    158.75320    50.97995    
158.99606    50.86419     19.40      -1.66702     0.80114      0.86588      1.55865      2.31575      0.71662      25    158.99606    50.86419    
159.23891    50.74843     12.60      -3.78421     1.83935      1.94485      3.00952      4.24100      1.62387      26    159.23891    50.74843    
159.48177    50.63267     5.81       -1.79546     0.87967      0.91579      1.39251      1.88951      0.77018      27    159.48177    50.63267    
157.55508    51.26595     53.40      1.55964      -0.77073     -0.78891     1.11703      3.05191      -0.69091     17    157.55508    51.26595    
157.79794    51.15019     46.60      2.03008      -1.29238     -0.73770     3.00023      8.14706      -0.82833     18    157.79794    51.15019    
158.04079    51.03443     39.80      -0.09158     -0.15585     0.24744      1.33638      2.96139      0.09758      20    158.04079    51.03443    
158.28365    50.91867     33.00      -0.32321     0.09775      0.22545      0.59013      1.04536      0.15899      22    158.28365    50.91867    
158.52649    50.80291     26.20      -2.72699     1.08357      1.64342      3.25573      5.12099      1.29400      23    158.52649    50.80291    
158.76935    50.68715     19.40      -0.85276     0.36390      0.48887      0.82283      1.23061      0.39246      25    158.76935    50.68715    
159.01221    50.57139     12.60      -2.79010     1.23654      1.55356      2.35828      3.37427      1.29849      26    159.01221    50.57139    
159.25505    50.45563     5.81       -1.40367     0.62689      0.77678      1.14653      1.62432      0.65162      27    159.25505    50.45563    
157.32837    51.08892     53.40      1.35750      -0.94709     -0.41041     2.33742      4.43080      -0.10522     17    157.32837    51.08892    
157.57123    50.97316     46.60      0.89957      -1.11085     0.21128      4.10597      7.84898      0.08999      18    157.57123    50.97316    
157.81409    50.85740     39.80      -0.31544     -0.08802     0.40346      1.29254      2.41283      0.28279      20    157.81409    50.85740    
158.05693    50.74163     33.00      -0.35361     0.07087      0.28275      0.60027      1.02220      0.21935      22    158.05693    50.74163    
158.29979    50.62587     26.20      -2.32023     0.70702      1.61320      2.88316      4.52421      1.27664      23    158.29979    50.62587    
158.54265    50.51011     19.40      -0.76310     0.26712      0.49598      0.73810      1.16834      0.38912      25    158.54265    50.51011    
158.78549    50.39435     12.60      -2.72272     1.01805      1.70467      2.39281      3.59847      1.37588      26    158.78549    50.39435    
159.02835    50.27859     5.81       -1.91010     0.73597      1.17413      1.61653      2.35237      0.96280      27    159.02835    50.27859    
157.10167    50.91188     53.40      -0.20798     -0.06135     0.26932      0.77179      0.97740      0.24282      18    157.10167    50.91188    
157.34453    50.79612     46.60      -0.08878     -0.20282     0.29160      0.88901      1.31149      0.19553      19    157.34453    50.79612    
157.58737    50.68036     39.80      -0.44543     -0.18078     0.62620      1.30568      2.06056      0.38759      20    157.58737    50.68036    
157.83023    50.56460     33.00      -2.34616     0.08053      2.26563      3.57409      5.65698      1.50242      21    157.83023    50.56460    
158.07309    50.44884     26.20      -1.65108     0.25540      1.39568      2.07662      3.20050      0.98992      23    158.07309    50.44884    
158.31593    50.33308     19.40      -0.65434     0.15405      0.50030      0.67527      1.03910      0.36593      25    158.31593    50.33308    
158.55879    50.21732     12.60      -1.27421     0.34765      0.92656      1.22709      1.85460      0.69703      26    158.55879    50.21732    
158.80164    50.10155     5.81       -0.57529     0.16639      0.40890      0.53336      0.79232      0.31011      27    158.80164    50.10155    
156.87495    50.73484     53.40      0.09721      -0.28553     0.18832      0.70286      0.92420      0.05261      18    156.87495    50.73484    
157.11781    50.61908     46.60      0.03345      -0.92434     0.89089      2.43011      3.44852      0.29622      19    157.11781    50.61908    
157.36067    50.50332     39.80      -1.42655     -1.13555     2.56210      4.86992      6.85436      1.23491      20    157.36067    50.50332    
157.60352    50.38756     33.00      -0.78308     -0.04316     0.82625      1.10690      1.59209      0.49193      22    157.60352    50.38756    
157.84637    50.27180     26.20      -1.58489     0.07034      1.51455      1.89935      2.79824      0.96282      23    157.84637    50.27180    
158.08923    50.15604     19.40      -3.78417     0.47504      3.30913      4.05312      5.94801      2.21417      24    158.08923    50.15604    
158.33208    50.04028     12.60      -4.25840     0.67047      3.58793      4.61477      6.56292      2.45149      25    158.33208    50.04028    
158.57494    49.92452     5.81       -2.53512     0.50409      2.03102      2.55758      3.62988      1.42642      26    158.57494    49.92452    
156.64825    50.55781     53.40      1.23275      -2.34902     1.11627      3.63728      5.05937      -0.09324     17    156.64825    50.55781    
156.89111    50.44205     46.60      0.10419      -0.49888     0.39468      0.88170      1.23667      0.04296      19    156.89111    50.44205    
157.13396    50.32629     39.80      -0.53802     -1.38724     1.92526      3.60835      4.87923      0.62102      20    157.13396    50.32629    
157.37682    50.21053     33.00      -0.55412     -0.20225     0.75637      1.07387      1.47761      0.38060      22    157.37682    50.21053    
157.61967    50.09476     26.20      -1.26050     -0.13467     1.39516      1.79182      2.46610      0.79531      23    157.61967    50.09476    
157.86252    49.97900     19.40      -1.12977     -0.01045     1.14022      1.41294      1.94822      0.68404      24    157.86252    49.97900    
158.10538    49.86324     12.60      -3.23450     0.02178      3.21272      4.05987      5.60376      1.93337      24    158.10538    49.86324    
158.34824    49.74748     5.81       -0.52378     0.01648      0.50730      0.62093      0.87131      0.30546      25    158.34824    49.74748    
156.42155    50.38077     53.40      0.89557      -1.60977     0.71420      1.75846      2.43447      -0.24152     17    156.42155    50.38077    
156.66440    50.26501     46.60      0.66832      -3.06777     2.39945      4.40176      5.88051      0.10202      18    156.66440    50.26501    
156.90726    50.14925     39.80      -0.15401     -0.51116     0.66517      1.01687      1.33963      0.18297      20    156.90726    50.14925    
157.15010    50.03349     33.00      -0.67062     -0.40374     1.07436      1.26437      1.71689      0.46928      21    157.15010    50.03349    
157.39296    49.91773     26.20      -1.31058     -0.28285     1.59343      1.70574      2.35391      0.82020      22    157.39296    49.91773    
157.63582    49.80197     19.40      -1.17423     -0.14204     1.31627      1.44003      2.02670      0.71380      23    157.63582    49.80197    
157.87866    49.68621     12.60      -3.21921     -0.31479     3.53399      3.97301      5.59387      1.93164      23    157.87866    49.68621    
158.12152    49.57045     5.81       -0.47217     -0.06980     0.54197      0.66979      0.93409      0.28650      24    158.12152    49.57045    
156.19484    50.20374     53.40      1.23523      -1.59049     0.35526      1.35448      1.77331      -0.40404     17    156.19484    50.20374    
156.43770    50.08797     46.60      0.65789      -1.50998     0.85209      1.64673      2.06924      -0.11536     18    156.43770    50.08797    
156.68054    49.97221     39.80      -0.29980     -1.10239     1.40219      1.80120      2.29508      0.36991      19    156.68054    49.97221    
156.92340    49.85645     33.00      -0.99821     -0.75865     1.75685      1.80063      2.43881      0.70779      20    156.92340    49.85645    
157.16626    49.74069     26.20      -1.70236     -0.54905     2.25141      2.17607      3.04667      1.07600      21    157.16626    49.74069    
157.40910    49.62493     19.40      -2.13918     -0.51640     2.65558      2.94576      4.08272      1.33353      22    157.40910    49.62493    
157.65196    49.50917     12.60      -0.40357     -0.12563     0.52921      0.64004      0.88610      0.25470      23    157.65196    49.50917    
157.89482    49.39341     5.81       -0.59140     -0.19008     0.78148      0.97739      1.33935      0.37498      23    157.89482    49.39341    
155.96814    50.02670     53.40      0.61631      -0.97167     0.35536      0.93216      1.02978      -0.15935     17    155.96814    50.02670    
156.21098    49.91094     46.60      3.35020      -5.63613     2.28593      4.09614      5.16814      -1.01924     17    156.21098    49.91094    
156.45384    49.79518     39.80      -0.01117     -1.72416     1.73533      1.77676      2.36524      0.25005      18    156.45384    49.79518    
156.69670    49.67942     33.00      -0.82981     -0.93037     1.76018      1.49015      2.10888      0.61124      19    156.69670    49.67942    
156.93954    49.56366     26.20      -1.10791     -0.89584     2.00374      2.02082      2.88300      0.78484      20    156.93954    49.56366    
157.18240    49.44790     19.40      -1.95273     -0.70222     2.65495      2.81449      3.97997      1.25274      21    157.18240    49.44790    
157.42525    49.33213     12.60      -0.63507     -0.21829     0.85336      0.99879      1.38470      0.40568      22    157.42525    49.33213    
157.66811    49.21637     5.81       -0.32050     -0.16047     0.48097      0.57421      0.79363      0.21230      22    157.66811    49.21637    
155.74142    49.84966     53.40      0.22568      -4.28578     4.06011      5.03519      5.71674      0.48803      16    155.74142    49.84966    
155.98428    49.73390     46.60      0.17875      -1.63363     1.45488      1.19691      1.71571      0.08122      17    155.98428    49.73390    
156.22713    49.61814     39.80      1.17597      -4.45368     3.27771      2.42505      3.87514      -0.17135     17    156.22713    49.61814    
156.46999    49.50238     33.00      -0.99457     -1.94740     2.94196      2.27789      3.43579      0.81539      18    156.46999    49.50238    
156.71284    49.38662     26.20      -0.54234     -0.82597     1.36832      1.26422      1.88069      0.43223      19    156.71284    49.38662    
156.95569    49.27086     19.40      -0.25435     -0.27167     0.52602      0.55107      0.78757      0.18612      20    156.95569    49.27086    
157.19855    49.15510     12.60      -0.60860     -0.61376     1.22236      1.41261      1.99935      0.44856      20    157.19855    49.15510    
157.44141    49.03934     5.81       -0.37906     -0.52195     0.90101      1.07029      1.51437      0.30511      20    157.44141    49.03934    
155.51472    49.67263     53.40      -3.39625     -1.18949     4.58575      3.36512      4.17704      1.95258      16    155.51472    49.67263    
155.75757    49.55687     46.60      -0.40322     -0.53662     0.93984      0.52523      0.79310      0.26617      17    155.75757    49.55687    
156.00043    49.44110     39.80      -0.11431     -1.37777     1.49208      0.85921      1.53194      0.19386      17    156.00043    49.44110    
156.24329    49.32534     33.00      -0.38785     -0.63898     1.02683      0.94797      1.40125      0.30008      18    156.24329    49.32534    
156.48613    49.20958     26.20      -0.98341     -1.61654     2.59995      2.73228      4.03932      0.78961      18    156.48613    49.20958    
156.72899    49.09382     19.40      -1.12658     -1.37843     2.50501      2.24840      3.43560      0.83407      18    156.72899    49.09382    
156.97183    48.97806     12.60      0.01311      -1.12796     1.11485      1.10300      1.83673      0.15691      18    156.97183    48.97806    
157.21469    48.86230     5.81       0.49867      -1.89318     1.39452      1.87735      2.97950      0.01329      18    157.21469    48.86230    
155.28801    49.49559     53.40      2.32091      -2.49513     0.17423      -0.87334     -0.43292     -1.04530     16    155.28801    49.49559    
155.53087    49.37983     46.60      0.62685      -2.71432     2.08746      1.06434      1.87912      -0.08386     16    155.53087    49.37983    
155.77373    49.26407     39.80      -3.36388     -2.46383     5.82771      2.65778      4.15511      1.99583      16    155.77373    49.26407    
156.01657    49.14831     33.00      -0.68990     -0.36995     1.05985      0.68695      0.98270      0.39911      17    156.01657    49.14831    
156.25943    49.03255     26.20      -0.74246     -0.65381     1.39627      1.14735      1.77808      0.47700      17    156.25943    49.03255    
156.50227    48.91679     19.40      -1.44699     -0.66426     2.11125      1.64898      2.59665      0.89676      17    156.50227    48.91679    
156.74513    48.80103     12.60      -0.33981     -0.95775     1.29756      1.36008      2.17596      0.33943      17    156.74513    48.80103    
156.98799    48.68526     5.81       0.26956      -1.14312     0.87356      1.19939      1.86707      0.02687      17    156.98799    48.68526    
