160.04886    53.21336     53.40      62.5     66.9     96.9     0.993    160.04886    53.21336    
160.29172    53.09760     46.60      60.5     68.8     100.0    1.425    160.29172    53.09760    
160.53456    52.98183     39.80      64.9     72.9     104.3    1.416    160.53456    52.98183    
160.77742    52.86607     33.00      77.6     88.1     106.6    1.239    160.77742    52.86607    
161.02028    52.75031     26.20      261.4    77.1     -97.5    1.464    161.02028    52.75031    
161.26312    52.63455     19.40      250.0    74.0     -93.8    1.807    161.26312    52.63455    
161.50598    52.51879     12.60      246.3    69.5     -88.5    2.052    161.50598    52.51879    
161.74884    52.40303     5.81       251.8    71.1     -88.6    2.021    161.74884    52.40303    
159.82216    53.03632     53.40      58.6     66.9     98.8     1.492    159.82216    53.03632    
160.06500    52.92056     46.60      59.0     70.2     97.6     2.369    160.06500    52.92056    
160.30786    52.80480     39.80      60.4     71.4     95.8     2.560    160.30786    52.80480    
160.55070    52.68904     33.00      67.9     81.4     103.9    2.404    160.55070    52.68904    
160.79356    52.57328     26.20      256.0    82.0     -104.0   2.218    160.79356    52.57328    
161.03642    52.45752     19.40      251.7    73.3     -96.7    2.864    161.03642    52.45752    
161.27927    52.34175     12.60      249.0    71.4     -92.7    3.366    161.27927    52.34175    
161.52213    52.22599     5.81       248.3    70.0     -90.7    3.599    161.52213    52.22599    
159.59544    52.85928     53.40      44.4     60.4     89.5     1.858    159.59544    52.85928    
159.83830    52.74352     46.60      51.0     65.6     94.4     2.788    159.83830    52.74352    
160.08115    52.62776     39.80      54.1     70.0     96.1     3.281    160.08115    52.62776    
160.32401    52.51200     33.00      60.3     81.5     100.1    2.845    160.32401    52.51200    
160.56686    52.39624     26.20      247.4    85.7     -102.2   3.028    160.56686    52.39624    
160.80971    52.28048     19.40      250.2    73.3     -99.0    3.523    160.80971    52.28048    
161.05257    52.16472     12.60      246.7    70.7     -96.0    4.121    161.05257    52.16472    
161.29543    52.04896     5.81       244.1    70.3     -94.4    4.460    161.29543    52.04896    
159.36874    52.68225     53.40      44.5     57.3     88.9     2.167    159.36874    52.68225    
159.61159    52.56649     46.60      43.9     62.9     87.6     2.953    159.61159    52.56649    
159.85445    52.45073     39.80      46.3     69.7     94.4     3.211    159.85445    52.45073    
160.09731    52.33496     33.00      46.9     80.2     95.6     2.868    160.09731    52.33496    
160.34015    52.21920     26.20      241.4    83.6     -103.8   3.100    160.34015    52.21920    
160.58301    52.10344     19.40      242.7    73.6     -99.8    3.959    160.58301    52.10344    
160.82585    51.98768     12.60      241.6    70.8     -97.5    4.718    160.82585    51.98768    
161.06871    51.87192     5.81       240.5    71.1     -96.2    5.052    161.06871    51.87192    
159.14203    52.50521     53.40      33.7     62.3     78.3     1.697    159.14203    52.50521    
159.38489    52.38945     46.60      39.5     65.9     84.9     2.883    159.38489    52.38945    
159.62773    52.27369     39.80      43.0     72.9     90.3     3.259    159.62773    52.27369    
159.87059    52.15793     33.00      44.3     82.9     93.3     3.256    159.87059    52.15793    
160.11345    52.04217     26.20      230.0    83.2     -97.3    3.558    160.11345    52.04217    
160.35629    51.92641     19.40      233.5    74.2     -98.2    4.472    160.35629    51.92641    
160.59915    51.81065     12.60      234.4    71.8     -97.7    5.109    160.59915    51.81065    
160.84201    51.69489     5.81       234.8    72.2     -96.6    5.480    160.84201    51.69489    
158.91533    52.32817     53.40      37.2     66.2     80.7     1.461    158.91533    52.32817    
159.15817    52.21241     46.60      36.0     68.2     82.9     2.797    159.15817    52.21241    
159.40103    52.09665     39.80      36.4     77.1     87.0     3.129    159.40103    52.09665    
159.64389    51.98089     33.00      40.0     87.7     91.9     3.458    159.64389    51.98089    
159.88673    51.86513     26.20      224.5    81.1     -95.5    4.070    159.88673    51.86513    
160.12959    51.74937     19.40      227.1    75.8     -96.5    4.978    160.12959    51.74937    
160.37245    51.63361     12.60      228.0    72.9     -95.9    5.878    160.37245    51.63361    
160.61530    51.51785     5.81       228.0    72.8     -95.7    6.293    160.61530    51.51785    
158.68861    52.15114     53.40      42.0     66.8     87.7     1.523    158.68861    52.15114    
158.93147    52.03538     46.60      35.8     71.6     85.1     2.546    158.93147    52.03538    
159.17432    51.91962     39.80      33.1     80.7     87.5     3.015    159.17432    51.91962    
159.41718    51.80386     33.00      216.1    89.4     -92.2    3.663    159.41718    51.80386    
159.66003    51.68810     26.20      220.0    80.3     -95.2    4.738    159.66003    51.68810    
159.90288    51.57233     19.40      222.7    75.5     -95.3    5.748    159.90288    51.57233    
160.14574    51.45657     12.60      224.8    73.3     -94.8    6.730    160.14574    51.45657    
160.38860    51.34081     5.81       225.0    72.7     -94.8    7.196    160.38860    51.34081    
158.46191    51.97410     53.40      39.4     64.4     84.8     1.648    158.46191    51.97410    
158.70476    51.85834     46.60      34.5     73.0     82.5     2.491    158.70476    51.85834    
158.94762    51.74258     39.80      33.1     83.0     87.0     3.196    158.94762    51.74258    
159.19048    51.62682     33.00      214.1    87.8     -91.3    4.005    159.19048    51.62682    
159.43332    51.51106     26.20      218.6    80.1     -94.1    5.141    159.43332    51.51106    
159.67618    51.39530     19.40      221.6    75.5     -94.5    6.270    159.67618    51.39530    
159.91904    51.27954     12.60      223.0    73.1     -94.1    7.243    159.91904    51.27954    
160.16188    51.16378     5.81       222.8    72.3     -94.2    7.799    160.16188    51.16378    
158.23520    51.79707     53.40      32.4     69.3     78.8     1.355    158.23520    51.79707    
158.47806    51.68130     46.60      30.6     73.3     80.0     2.476    158.47806    51.68130    
158.72092    51.56554     39.80      27.9     83.7     85.6     3.144    158.72092    51.56554    
158.96376    51.44978     33.00      211.8    87.1     -91.6    4.110    158.96376    51.44978    
159.20662    51.33402     26.20      217.4    79.2     -94.3    5.298    159.20662    51.33402    
159.44946    51.21826     19.40      220.5    74.7     -94.1    6.453    159.44946    51.21826    
159.69232    51.10250     12.60      221.5    72.6     -93.7    7.465    159.69232    51.10250    
159.93518    50.98674     5.81       221.0    71.9     -93.9    8.000    159.93518    50.98674    
158.00850    51.62003     53.40      28.2     72.1     76.3     1.378    158.00850    51.62003    
158.25134    51.50427     46.60      26.1     74.4     77.3     2.400    158.25134    51.50427    
158.49420    51.38851     39.80      25.6     82.5     82.7     3.116    158.49420    51.38851    
158.73706    51.27275     33.00      209.2    88.4     -89.6    3.955    158.73706    51.27275    
158.97990    51.15699     26.20      214.7    80.4     -93.7    5.106    158.97990    51.15699    
159.22276    51.04123     19.40      218.1    75.7     -93.7    6.366    159.22276    51.04123    
159.46562    50.92546     12.60      219.3    72.9     -93.6    7.318    159.46562    50.92546    
159.70847    50.80970     5.81       219.2    72.1     -93.8    7.748    159.70847    50.80970    
157.78178    51.44299     53.40      20.0     75.7     75.5     1.191    157.78178    51.44299    
158.02464    51.32723     46.60      19.1     79.6     78.2     2.173    158.02464    51.32723    
158.26750    51.21147     39.80      21.4     85.6     83.4     2.988    158.26750    51.21147    
158.51035    51.09571     33.00      207.9    86.6     -89.6    3.910    158.51035    51.09571    
158.75320    50.97995     26.20      213.0    79.8     -92.8    5.100    158.75320    50.97995    
158.99606    50.86419     19.40      215.4    75.1     -93.9    6.306    158.99606    50.86419    
159.23891    50.74843     12.60      217.1    72.5     -93.8    7.169    159.23891    50.74843    
159.48177    50.63267     5.81       218.1    71.9     -93.5    7.610    159.48177    50.63267    
157.55508    51.26595     53.40      22.9     78.1     82.0     1.003    157.55508    51.26595    
157.79794    51.15019     46.60      21.3     84.4     84.8     1.933    157.79794    51.15019    
158.04079    51.03443     39.80      204.4    88.5     -88.5    2.975    158.04079    51.03443    
158.28365    50.91867     33.00      209.6    82.4     -91.2    4.030    158.28365    50.91867    
158.52649    50.80291     26.20      213.0    78.0     -92.4    5.182    158.52649    50.80291    
158.76935    50.68715     19.40      214.7    75.3     -92.8    6.121    158.76935    50.68715    
159.01221    50.57139     12.60      216.1    73.2     -93.0    7.096    159.01221    50.57139    
159.25505    50.45563     5.81       216.4    72.7     -93.0    7.556    159.25505    50.45563    
157.32837    51.08892     53.40      28.9     84.4     86.7     1.108    157.32837    51.08892    
157.57123    50.97316     46.60      28.2     88.5     86.8     1.933    157.57123    50.97316    
157.81409    50.85740     39.80      208.2    85.6     -89.0    2.929    157.81409    50.85740    
158.05693    50.74163     33.00      210.5    81.0     -90.6    4.031    158.05693    50.74163    
158.29979    50.62587     26.20      212.7    77.9     -91.2    5.147    158.29979    50.62587    
158.54265    50.51011     19.40      212.8    75.4     -92.1    6.100    158.54265    50.51011    
158.78549    50.39435     12.60      214.3    73.8     -92.1    7.106    158.78549    50.39435    
159.02835    50.27859     5.81       215.2    73.0     -92.0    7.658    159.02835    50.27859    
157.10167    50.91188     53.40      218.7    83.4     -85.2    1.374    157.10167    50.91188    
157.34453    50.79612     46.60      215.0    86.4     -84.1    2.106    157.34453    50.79612    
157.58737    50.68036     39.80      212.6    83.2     -85.4    2.902    157.58737    50.68036    
157.83023    50.56460     33.00      212.1    79.1     -87.4    3.873    157.83023    50.56460    
158.07309    50.44884     26.20      212.8    77.3     -88.5    5.051    158.07309    50.44884    
158.31593    50.33308     19.40      212.9    75.4     -89.6    6.069    158.31593    50.33308    
158.55879    50.21732     12.60      213.5    74.5     -90.1    6.909    158.55879    50.21732    
158.80164    50.10155     5.81       214.0    74.0     -90.2    7.335    158.80164    50.10155    
156.87495    50.73484     53.40      39.5     89.3     79.1     1.350    156.87495    50.73484    
157.11781    50.61908     46.60      217.0    88.5     -79.4    2.391    157.11781    50.61908    
157.36067    50.50332     39.80      216.0    83.6     -81.0    3.262    157.36067    50.50332    
157.60352    50.38756     33.00      214.4    77.6     -84.0    4.189    157.60352    50.38756    
157.84637    50.27180     26.20      213.7    76.2     -85.6    5.023    157.84637    50.27180    
158.08923    50.15604     19.40      213.8    75.1     -86.8    5.914    158.08923    50.15604    
158.33208    50.04028     12.60      214.6    75.1     -86.9    6.612    158.33208    50.04028    
158.57494    49.92452     5.81       214.7    74.3     -87.6    7.111    158.57494    49.92452    
156.64825    50.55781     53.40      40.1     86.0     74.4     1.178    156.64825    50.55781    
156.89111    50.44205     46.60      38.8     89.6     74.3     2.100    156.89111    50.44205    
157.13396    50.32629     39.80      218.0    85.9     -76.8    3.168    157.13396    50.32629    
157.37682    50.21053     33.00      216.1    80.0     -80.3    4.165    157.37682    50.21053    
157.61967    50.09476     26.20      215.5    77.4     -82.2    4.989    157.61967    50.09476    
157.86252    49.97900     19.40      215.3    76.2     -83.5    5.593    157.86252    49.97900    
158.10538    49.86324     12.60      215.2    76.3     -83.8    5.897    158.10538    49.86324    
158.34824    49.74748     5.81       214.7    75.8     -84.3    6.026    158.34824    49.74748    
156.42155    50.38077     53.40      42.5     82.6     68.5     0.981    156.42155    50.38077    
156.66440    50.26501     46.60      41.1     88.6     69.7     1.897    156.66440    50.26501    
156.90726    50.14925     39.80      219.5    85.9     -72.5    2.803    156.90726    50.14925    
157.15010    50.03349     33.00      216.9    79.5     -76.1    3.551    157.15010    50.03349    
157.39296    49.91773     26.20      215.4    76.3     -79.6    4.318    157.39296    49.91773    
157.63582    49.80197     19.40      214.7    75.9     -81.4    4.939    157.63582    49.80197    
157.87866    49.68621     12.60      214.7    76.0     -81.9    5.231    157.87866    49.68621    
158.12152    49.57045     5.81       215.1    77.5     -81.6    5.374    158.12152    49.57045    
156.19484    50.20374     53.40      46.4     75.9     67.9     0.920    156.19484    50.20374    
156.43770    50.08797     46.60      44.9     83.7     65.8     1.614    156.43770    50.08797    
156.68054    49.97221     39.80      221.2    85.7     -68.3    2.304    156.68054    49.97221    
156.92340    49.85645     33.00      217.4    79.1     -73.0    2.993    156.92340    49.85645    
157.16626    49.74069     26.20      215.2    76.0     -77.6    3.729    157.16626    49.74069    
157.40910    49.62493     19.40      215.4    76.9     -79.5    4.473    157.40910    49.62493    
157.65196    49.50917     12.60      215.6    78.3     -79.4    4.691    157.65196    49.50917    
157.89482    49.39341     5.81       215.9    78.7     -79.3    4.810    157.89482    49.39341    
155.96814    50.02670     53.40      49.2     78.3     66.4     0.776    155.96814    50.02670    
156.21098    49.91094     46.60      48.3     76.5     61.3     1.246    156.21098    49.91094    
156.45384    49.79518     39.80      223.4    89.2     -59.9    1.657    156.45384    49.79518    
156.69670    49.67942     33.00      217.8    79.3     -68.4    2.291    156.69670    49.67942    
156.93954    49.56366     26.20      216.3    79.3     -73.6    3.035    156.93954    49.56366    
157.18240    49.44790     19.40      215.2    77.3     -78.2    3.797    157.18240    49.44790    
157.42525    49.33213     12.60      215.6    78.2     -78.8    4.155    157.42525    49.33213    
157.66811    49.21637     5.81       216.1    79.3     -77.4    3.991    157.66811    49.21637    
155.74142    49.84966     53.40      45.5     89.6     61.2     0.593    155.74142    49.84966    
155.98428    49.73390     46.60      44.8     87.3     52.9     0.911    155.98428    49.73390    
156.22713    49.61814     39.80      46.1     81.8     48.9     1.156    156.22713    49.61814    
156.46999    49.50238     33.00      218.8    81.7     -63.8    1.762    156.46999    49.50238    
156.71284    49.38662     26.20      217.2    81.3     -69.1    2.243    156.71284    49.38662    
156.95569    49.27086     19.40      216.7    80.7     -72.5    2.656    156.95569    49.27086    
157.19855    49.15510     12.60      216.6    81.2     -74.1    2.921    157.19855    49.15510    
157.44141    49.03934     5.81       217.2    82.4     -73.0    2.839    157.44141    49.03934    
155.51472    49.67263     53.40      217.0    72.4     -71.7    0.532    155.51472    49.67263    
155.75757    49.55687     46.60      218.9    77.6     -59.6    0.705    155.75757    49.55687    
156.00043    49.44110     39.80      223.0    89.2     -50.5    0.872    156.00043    49.44110    
156.24329    49.32534     33.00      217.4    81.7     -68.4    1.492    156.24329    49.32534    
156.48613    49.20958     26.20      216.9    82.4     -70.9    1.790    156.48613    49.20958    
156.72899    49.09382     19.40      216.0    80.2     -70.7    1.749    156.72899    49.09382    
156.97183    48.97806     12.60      219.2    88.7     -63.5    1.556    156.97183    48.97806    
157.21469    48.86230     5.81       40.3     87.3     64.8     1.695    157.21469    48.86230    
155.28801    49.49559     53.40      247.6    55.3     85.8     0.265    155.28801    49.49559    
155.53087    49.37983     46.60      47.2     80.0     41.0     0.310    155.53087    49.37983    
155.77373    49.26407     39.80      215.1    71.2     -65.2    0.544    155.77373    49.26407    
156.01657    49.14831     33.00      215.0    73.2     -70.6    0.764    156.01657    49.14831    
156.25943    49.03255     26.20      214.6    78.2     -71.9    0.897    156.25943    49.03255    
156.50227    48.91679     19.40      212.8    75.2     -76.4    1.013    156.50227    48.91679    
156.74513    48.80103     12.60      216.2    84.1     -70.1    0.935    156.74513    48.80103    
156.98799    48.68526     5.81       40.2     87.9     65.6     0.893    156.98799    48.68526    
