   1    1   -66.0000   -50.0000   53.21336  160.04885     53.395     1.8019  1.38642e+00 -8.26140e-01 -5.60276e-01  1.15568e+00  4.68860e-01 -5.13443e-01   20  225.30   62.49   24.02   66.94   74.22   96.91  147.24  345.25  239.77   21.64   67.35    6.35   21.09
   1    2   -66.0000   -25.0000   53.03632  159.82215     53.395     2.7163  2.00802e+00 -1.06745e+00 -9.40565e-01  1.68999e+00  8.02696e-01 -9.32077e-01   20  217.01   58.61   24.63   66.91   70.21   98.82  141.92  344.68  235.12   21.44   66.94    8.11   10.85
   1    3   -66.0000     0.0000   52.85928  159.59544     53.395     3.3835  2.85750e+00 -1.42460e+00 -1.43290e+00  1.20541e+00  1.25069e+00 -1.52318e+00   20  225.46   44.41   29.56   60.44   90.92   89.48  134.79  313.03   44.66   15.44   74.55    0.45   -5.49
   1    4   -66.0000    25.0000   52.68225  159.36873     53.395     3.9462  3.53308e+00 -1.79856e+00 -1.73452e+00  1.12650e+00  1.19725e+00 -1.87842e+00   20  226.48   44.53   32.71   57.30   91.64   88.95  135.29  311.04   45.10   12.30   77.67    0.89   -5.55
   1    5   -66.0000    50.0000   52.50521  159.14203     53.395     3.0919  2.49717e+00 -1.27906e+00 -1.21810e+00  7.08481e-01  1.58999e+00 -1.36359e+00   20  237.60   33.67   29.92   62.25  111.03   78.33  132.25  278.43   39.16   16.48   70.40   10.31    0.14
   1    6   -66.0000    75.0000   52.32817  158.91532     53.395     2.6604  1.99264e+00 -1.12605e+00 -8.66587e-01  9.14251e-01  1.53516e+00 -9.51652e-01   20  239.27   37.18   25.41   66.24  110.14   80.71  134.18  289.86   40.95   20.72   67.45    8.49    8.79
   1    7   -66.0000   100.0000   52.15114  158.68861     53.395     2.7714  2.08626e+00 -1.04912e+00 -1.03714e+00  1.24001e+00  1.45580e+00 -8.85002e-01   20  227.83   42.01   23.29   66.82   95.35   87.70  133.76  307.65   42.91   21.79   68.10    2.11   11.49
   1    8   -66.0000   125.0000   51.97410  158.46190     53.395     3.0020  2.36181e+00 -1.19880e+00 -1.16302e+00  1.09225e+00  1.52464e+00 -1.14829e+00   20  231.21   39.41   26.12   64.36  100.62   84.84  133.27  298.59   41.65   19.21   70.19    4.65    3.86
   1    9   -66.0000   150.0000   51.79706  158.23520     53.395     2.4691  1.59633e+00 -8.57707e-01 -7.38627e-01  8.32216e-01  1.62164e+00 -9.28633e-01   20  241.58   32.37   23.44   69.27  117.16   78.80  130.98  284.09   36.37   23.48   64.03   10.46   -1.39
   1   10   -66.0000   175.0000   51.62003  158.00849     53.395     2.5060  1.50018e+00 -8.77763e-01 -6.22417e-01  7.22952e-01  1.85795e+00 -7.91755e-01   20  246.52   28.18   22.39   72.09  126.18   76.33  128.88  278.27   32.45   25.87   60.60   13.00   13.61
   1   11   -66.0000   200.0000   51.44299  157.78178     53.395     2.1650  1.07851e+00 -5.78724e-01 -4.99790e-01  4.43462e-01  1.80187e+00 -6.28950e-01   20  246.22   19.95   20.23   75.71  134.45   75.53  121.64  271.06   23.60   29.27   56.93   14.01   16.24
   1   12   -66.0000   225.0000   51.26595  157.55508     53.395     1.8239  7.94991e-01 -3.92862e-01 -4.02129e-01  5.69380e-01  1.55564e+00 -3.52177e-01   20  237.28   22.93   14.26   78.15  123.52   82.01  119.63  282.76   24.58   32.69   56.16    7.82   15.37
   1   13   -66.0000   250.0000   51.08892  157.32837     53.395     2.0043  5.31934e-01 -3.71115e-01 -1.60819e-01  9.15913e-01  1.73620e+00 -4.12314e-02   20  239.08   28.85    6.48   84.39  120.07   86.74  121.83  295.23   29.17   39.31   50.50    3.24   26.88
   1   14   -66.0000   275.0000   50.91188  157.10166     53.395     2.4889 -4.03102e-01 -1.18901e-01  5.22003e-01  1.49589e+00  1.89440e+00  4.70633e-01   20    2.69  218.70    8.13   83.41 -125.73  -85.23  134.10  304.41   38.15   51.37   38.23    4.74   24.95
   1   15   -66.0000   300.0000   50.73484  156.87496     53.395     2.4457  2.01144e-01 -5.90826e-01  3.89682e-01  1.45437e+00  1.91237e+00  1.08854e-01   20  305.83   39.50   10.90   89.29  176.27   79.12  140.06  298.68   39.63   43.29   44.67   10.88   24.42
   1   16   -66.0000   325.0000   50.55781  156.64825     53.395     2.1308  4.03619e-01 -7.69103e-01  3.65484e-01  1.19090e+00  1.65651e+00 -3.05281e-02   20  296.10   40.12   16.12   86.00  165.43   74.38  144.31  293.97   41.24   39.05   46.78   15.59   26.36
   1   17   -66.0000   350.0000   50.38077  156.42154     53.395     1.7785  4.82058e-01 -8.66492e-01  3.84435e-01  9.46527e-01  1.31040e+00 -1.30004e-01   20  294.59   42.55   22.71   82.65  160.65   68.45  150.84  289.72   45.44   34.18   47.97   21.36   21.99
   1   18   -66.0000   375.0000   50.20373  156.19483     53.395     1.6721  7.69891e-01 -9.91318e-01  2.21426e-01  8.44215e-01  1.10526e+00 -2.51831e-01   20  285.50   46.43   25.98   75.94  146.32   67.93  153.89  289.66   52.06   27.64   53.85   21.38   15.06
   1   19   -66.0000   400.0000   50.02670  155.96813     53.395     1.4131  5.32466e-01 -8.39478e-01  3.07012e-01  8.05344e-01  8.89683e-01 -1.37674e-01   20  294.22   49.22   26.19   78.26  152.55   66.42  158.16  292.43   54.29   29.38   51.11   23.06    8.38
   1   20   -66.0000   425.0000   49.84966  155.74142     53.395     1.0774  2.80316e-02 -5.32343e-01  5.04311e-01  6.25428e-01  7.10084e-01  6.06185e-02   20  314.78   45.48   28.85   89.61  179.20   61.16  161.10  289.59   45.69   37.92   38.62   28.84   17.97
   1   21   -66.0000   450.0000   49.67263  155.51471     53.395     0.9597 -4.67465e-01 -1.63724e-01  6.31189e-01  4.63180e-01  5.74933e-01  2.68755e-01   20  349.48  217.00   25.15   72.40 -134.67  -71.73  152.20  292.81   31.30   58.63   25.23   17.39   30.32
   1   22   -66.0000   475.0000   49.49559  155.28801     53.395     0.4767  4.00036e-01 -4.30067e-01  3.00302e-02 -1.50531e-01 -7.46192e-02 -1.80170e-01   20   74.93  247.60   34.88   55.34   96.02   85.82  340.60  141.65  249.98   10.25   79.18    3.44  -34.80
   2    1   -44.0000   -50.0000   53.09759  160.29171     46.597     2.5947  1.78253e+00 -9.36083e-01 -8.46450e-01  1.74184e+00  7.60351e-01 -8.65644e-01   20  214.49   60.54   23.32   68.83   65.83  100.01  142.85  347.31  236.89   23.20   64.79    9.33    9.97
   2    2   -44.0000   -25.0000   52.92056  160.06500     46.597     4.3148  2.79856e+00 -1.52146e+00 -1.27710e+00  2.93932e+00  1.50690e+00 -1.35502e+00   20  217.45   59.01   21.17   70.19   69.78   97.62  143.07  341.38  236.41   24.82   64.03    7.17    6.82
   2    3   -44.0000     0.0000   52.74352  159.83829     46.597     5.0775  3.72150e+00 -1.93504e+00 -1.78646e+00  2.67609e+00  1.98558e+00 -2.07801e+00   20  220.57   51.01   24.80   65.56   80.50   94.36  137.72  329.70  229.21   20.45   69.14    3.97   -7.30
   2    4   -44.0000    25.0000   52.56649  159.61159     46.597     5.3799  4.29866e+00 -2.26792e+00 -2.03074e+00  2.11766e+00  2.33699e+00 -2.26971e+00   20  229.18   43.92   27.15   62.95   94.68   87.60  135.71  308.45   45.02   17.91   71.95    2.13   -4.22
   2    5   -44.0000    50.0000   52.38945  159.38488     46.597     5.2522  3.87131e+00 -1.97641e+00 -1.89490e+00  2.07052e+00  2.80358e+00 -2.05292e+00   20  231.88   39.47   24.66   65.85  101.31   84.86  133.36  299.40   41.58   20.69   68.74    4.69   -2.73
   2    6   -44.0000    75.0000   52.21241  159.15817     46.597     5.0951  3.53100e+00 -1.79648e+00 -1.73452e+00  1.94968e+00  3.11271e+00 -1.77084e+00   20  234.52   35.96   22.86   68.21  107.19   82.90  131.41  293.52   38.61   22.90   66.07    6.59    3.65
   2    7   -44.0000   100.0000   52.03538  158.93147     46.597     4.6393  2.80592e+00 -1.34321e+00 -1.46271e+00  2.05760e+00  3.08230e+00 -1.37431e+00   20  231.16   35.83   19.01   71.62  104.53   85.06  129.73  298.10   37.39   26.46   63.06    4.69    3.44
   2    8   -44.0000   125.0000   51.85834  158.70476     46.597     4.5380  2.54849e+00 -1.37253e+00 -1.17596e+00  1.95971e+00  3.18441e+00 -1.31920e+00   20  238.89   34.50   18.51   73.04  113.27   82.47  130.51  293.38   36.71   27.66   61.25    7.20    3.49
   2    9   -44.0000   150.0000   51.68130  158.47805     46.597     4.5116  2.49287e+00 -1.34578e+00 -1.14709e+00  1.67208e+00  3.32343e+00 -1.36207e+00   20  242.18   30.58   19.39   73.31  120.12   79.98  128.56  286.14   33.49   27.64   60.46    9.59    4.64
   2   10   -44.0000   175.0000   51.50427  158.25134     46.597     4.3669  2.33260e+00 -1.32584e+00 -1.00676e+00  1.29334e+00  3.43101e+00 -1.25923e+00   20  246.01   26.09   20.00   74.40  128.17   77.32  126.25  278.71   29.55   28.32   58.71   12.20   12.87
   2   11   -44.0000   200.0000   51.32723  158.02464     46.597     3.9471  1.53609e+00 -9.20528e-01 -6.15561e-01  9.39771e-01  3.50217e+00 -8.62429e-01   20  248.26   19.08   15.65   79.62  138.10   78.22  119.07  274.89   21.24   33.60   53.93   11.59   18.31
   2   12   -44.0000   225.0000   51.15019  157.79793     46.597     3.5163  8.03449e-01 -5.11487e-01 -2.91962e-01  1.18741e+00  3.22438e+00 -3.27828e-01   20  244.71   21.33    7.63   84.44  133.13   84.77  116.10  285.54   21.84   39.23   50.29    5.21   14.45
   2   13   -44.0000   250.0000   50.97316  157.57122     46.597     3.5115  3.55476e-01 -4.38967e-01  8.34916e-02  1.62253e+00  3.10163e+00  3.55604e-02   20  273.77   28.19    3.56   88.53  155.54   86.76  121.35  294.86   28.27   43.44   46.38    3.24   19.18
   2   14   -44.0000   275.0000   50.79612  157.34452     46.597     3.8106 -2.10675e-01 -4.81300e-01  6.91976e-01  2.10968e+00  3.11225e+00  4.64014e-01   20  336.35  215.01    6.86   86.42 -148.48  -84.15  131.23  299.52   34.64   48.26   41.14    5.84   26.46
   2   15   -44.0000   300.0000   50.61908  157.11781     46.597     4.3287  3.36945e-02 -9.31070e-01  8.97376e-01  2.44781e+00  3.47364e+00  2.98381e-01   20  315.24  217.01   10.67   88.46 -171.63  -79.44  137.68  296.89   36.73   45.56   42.52   10.55   25.31
   2   16   -44.0000   325.0000   50.44205  156.89110     46.597     3.8023  2.51417e-01 -1.20378e+00  9.52366e-01  2.12753e+00  2.98405e+00  1.03669e-01   20  307.37   38.77   15.75   89.61  178.55   74.25  143.85  293.49   38.88   42.51   43.27   15.75   25.46
   2   17   -44.0000   350.0000   50.26501  156.66439     46.597     3.4371  2.93969e-01 -1.34939e+00  1.05543e+00  1.93617e+00  2.58661e+00  4.48756e-02   20  307.35   41.08   20.31   88.62  176.02   69.73  149.79  291.56   41.58   40.25   42.86   20.26   23.74
   2   18   -44.0000   375.0000   50.08797  156.43769     46.597     2.9300  6.54949e-01 -1.50322e+00  8.48274e-01  1.63936e+00  2.05997e+00 -1.14843e-01   20  301.20   44.90   24.96   83.71  164.95   65.80  155.45  290.27   47.72   34.30   45.94   24.05   18.83
   2   19   -44.0000   400.0000   49.91094  156.21098     46.597     2.2681  9.17941e-01 -1.54428e+00  6.26335e-01  1.12233e+00  1.41605e+00 -2.79268e-01   20  295.19   48.25   31.48   76.51  153.47   61.29  160.46  286.22   55.53   25.98   50.17   27.85    7.74
   2   20   -44.0000   425.0000   49.73390  155.98427     46.597     1.6452  1.13837e-01 -1.04038e+00  9.26538e-01  7.62253e-01  1.09265e+00  5.17226e-02   20  311.21   44.83   37.21   87.26  175.47   52.87  165.03  282.69   46.90   31.96   36.65   37.08   28.53
   2   21   -44.0000   450.0000   49.55686  155.75757     46.597     1.2490 -4.04333e-01 -5.38100e-01  9.42433e-01  5.26678e-01  7.95285e-01  2.66903e-01   20  328.93  218.86   32.60   77.62 -156.55  -59.59  161.45  285.32   31.69   48.36   26.36   29.63   49.27
   2   22   -44.0000   475.0000   49.37983  155.53086     46.597     0.5633  1.08187e-01 -4.68456e-01  3.60269e-01  1.83691e-01  3.24313e-01 -1.44738e-02   20  308.65   47.20   49.78   80.03  166.89   40.97  171.71  276.29   58.48   19.52   35.38   48.04   18.30
   3    1   -22.0000   -50.0000   52.98183  160.53456     39.798     2.5807  1.37526e+00 -6.92361e-01 -6.82900e-01  1.94279e+00  7.30804e-01 -9.67060e-01   20  203.96   64.85   22.09   72.95   51.25  104.25  143.63  354.98  240.59   26.60   59.61   13.61   -5.00
   3    2   -22.0000   -25.0000   52.80480  160.30785     39.798     4.6527  2.61440e+00 -1.77321e+00 -8.41193e-01  3.24693e+00  1.73930e+00 -1.68773e+00   20  222.82   60.36   19.47   71.37   73.41   95.76  145.82  339.42  238.51   26.15   63.20    5.46  -16.00
   3    3   -22.0000     0.0000   52.62776  160.08115     39.798     5.9683  3.60114e+00 -1.90399e+00 -1.69715e+00  3.76715e+00  2.54379e+00 -2.31647e+00   20  216.65   54.06   20.88   70.00   73.68   96.12  139.29  334.14  231.96   24.76   64.49    5.75  -14.24
   3    4   -22.0000    25.0000   52.45072  159.85444     39.798     5.8477  3.66112e+00 -1.48893e+00 -2.17219e+00  3.28399e+00  2.96633e+00 -2.12148e+00   20  213.68   46.26   20.78   69.68   78.21   94.43  132.82  323.71  224.72   24.56   65.05    4.16   -9.23
   3    5   -22.0000    50.0000   52.27369  159.62773     39.798     5.9362  3.22087e+00 -1.45297e+00 -1.76790e+00  3.34748e+00  3.58463e+00 -1.84959e+00   20  222.09   42.97   17.14   72.86   89.17   90.26  132.76  313.36  222.89   27.86   62.14    0.25   -8.11
   3    6   -22.0000    75.0000   52.09665  159.40103     39.798     5.7021  2.40036e+00 -1.07528e+00 -1.32508e+00  2.99682e+00  4.15536e+00 -1.39426e+00   20  229.54   36.40   13.27   77.06  102.80   87.01  128.89  302.42   37.07   32.00   57.83    2.92   -5.85
   3    7   -22.0000   100.0000   51.91961  159.17432     39.798     5.4909  1.60551e+00 -5.85364e-01 -1.02015e+00  2.82379e+00  4.36489e+00 -1.09072e+00   20  228.33   33.13    9.62   80.71  105.00   87.49  125.31  300.09   33.53   35.67   54.22    2.48  -10.08
   3    8   -22.0000   125.0000   51.74258  158.94761     39.798     5.8255  1.31770e+00 -6.04390e-01 -7.13308e-01  3.06663e+00  4.74022e+00 -8.70754e-01   20  236.30   33.14    7.55   83.05  112.97   87.04  125.80  299.75   33.50   37.98   51.86    2.94   -5.45
   3    9   -22.0000   150.0000   51.56554  158.72090     39.798     5.7302  1.18061e+00 -5.33337e-01 -6.47271e-01  2.57581e+00  4.94138e+00 -8.55962e-01   20  242.49   27.85    7.70   83.66  124.40   85.63  121.80  292.93   28.34   38.51   51.16    4.34   -5.18
   3   10   -22.0000   175.0000   51.38851  158.49420     39.798     5.6806  1.46261e+00 -8.36208e-01 -6.26404e-01  2.26498e+00  4.94943e+00 -1.00599e+00   20  249.98   25.60   10.42   82.51  133.90   82.73  122.04  287.25   26.55   37.10   51.96    7.21    0.47
   3   11   -22.0000   200.0000   51.21147  158.26749     39.798     5.4463  8.98422e-01 -6.59306e-01 -2.39117e-01  1.87843e+00  5.00536e+00 -6.57169e-01   20  258.17   21.38    7.94   85.63  146.53   83.37  117.53  284.23   21.89   40.28   48.95    6.62    5.81
   3   12   -22.0000   225.0000   51.03443  158.04078     39.798     5.4197 -1.52444e-01 -2.59420e-01  4.11864e-01  2.22443e+00  4.92930e+00  1.62425e-01   20  339.00  204.36    2.15   88.49 -135.35  -88.47  115.93  292.87   24.32   46.49   43.47    1.53    9.64
   3   13   -22.0000   250.0000   50.85740  157.81408     39.798     5.3284 -6.06515e-01 -1.69249e-01  7.75764e-01  2.48526e+00  4.63932e+00  5.43747e-01   20   15.41  208.22    4.50   85.61 -102.77  -89.00  119.30  297.29   28.14   49.38   40.61    0.99   14.87
   3   14   -22.0000   275.0000   50.68036  157.58737     39.798     5.2635 -9.30411e-01 -3.77609e-01  1.30802e+00  2.72732e+00  4.30413e+00  8.09602e-01   20  358.63  212.64    8.22   83.17 -123.74  -85.41  127.87  298.52   32.09   51.62   38.00    4.56   22.55
   3   15   -22.0000   300.0000   50.50332  157.36066     39.798     5.9147 -9.65566e-01 -7.68607e-01  1.73417e+00  3.29623e+00  4.63941e+00  8.35856e-01   20  341.48  216.03   11.01   83.56 -144.04  -81.05  136.02  298.01   35.01   50.66   37.94    8.89   23.09
   3   16   -22.0000   325.0000   50.32629  157.13395     39.798     5.7410 -4.90098e-01 -1.26367e+00  1.75377e+00  3.28693e+00  4.44460e+00  5.65697e-01   20  324.91  218.02   13.84   85.90 -162.63  -76.77  141.87  295.91   37.06   47.48   39.50   13.20   23.76
   3   17   -22.0000   350.0000   50.14925  156.90725     39.798     5.0728 -4.38021e-01 -1.45381e+00  1.89183e+00  2.89211e+00  3.81009e+00  5.20376e-01   20  322.39  219.51   17.97   85.86 -166.48  -72.50  147.46  293.76   38.21   46.35   38.43   17.46   26.03
   3   18   -22.0000   375.0000   49.97221  156.68054     39.798     4.1646 -3.92566e-01 -1.44348e+00  1.83604e+00  2.35850e+00  3.00519e+00  4.84358e-01   20  321.88  221.24   22.14   85.70 -168.53  -68.26  153.01  292.09   39.53   45.07   37.01   21.68   28.04
   3   19   -22.0000   400.0000   49.79518  156.45383     39.798     2.9919 -9.81685e-03 -1.51570e+00  1.52552e+00  1.56194e+00  2.07927e+00  2.19822e-01   20  314.71  223.40   30.14   89.24 -178.49  -59.86  160.33  287.00   42.96   38.38   37.02   30.13   29.80
   3   20   -22.0000   425.0000   49.61814  156.22713     39.798     2.0940  4.07708e-01 -1.54409e+00  1.13639e+00  8.40769e-01  1.34352e+00 -5.94073e-02   20  306.92   46.15   41.81   81.84  167.71   48.85  167.11  279.45   53.22   25.26   38.86   40.64   23.32
   3   21   -22.0000   450.0000   49.44110  156.00042     39.798     1.5476 -7.97110e-02 -9.60719e-01  1.04043e+00  5.99124e-01  1.06822e+00  1.35177e-01   20  314.07  223.05   39.52   89.16 -178.67  -50.49  165.82  280.87   42.35   33.77   32.35   39.51   47.34
   3   22   -22.0000   475.0000   49.26407  155.77371     39.798     0.9587 -4.53983e-01 -3.32514e-01  7.86497e-01  3.58689e-01  5.60766e-01  2.69353e-01   20  339.98  215.10   30.80   71.18 -140.95  -65.16  157.83  286.38   26.61   56.67   22.29   23.43   53.13
   4    1     0.0000   -50.0000   52.86607  160.77741     33.000     2.2541  7.55646e-02  6.17703e-02 -1.37335e-01  2.09309e+00  5.12713e-01 -6.66277e-01   20  173.81   77.57   16.72   88.13    6.52  106.61  152.07    4.02  257.01   40.85   44.45   16.60  -14.81
   4    2     0.0000   -25.0000   52.68904  160.55071     33.000     4.3603  1.03726e+00 -4.76637e-01 -5.60621e-01  3.73422e+00  1.53735e+00 -1.44031e+00   20  188.90   67.87   16.27   81.45   32.07  103.89  145.91  353.73  245.76   35.00   51.63   13.73  -21.69
   4    3     0.0000     0.0000   52.51200  160.32400     33.000     5.1398  1.10518e+00 -4.27259e-01 -6.77925e-01  4.16119e+00  2.46178e+00 -1.60677e+00   20  189.73   60.27   13.16   81.55   40.21  100.13  141.45  342.03  238.76   35.77   52.42   10.01  -29.06
   4    4     0.0000    25.0000   52.33496  160.09729     33.000     5.1202  1.11977e+00 -1.53273e-01 -9.66495e-01  3.43979e+00  3.34057e+00 -1.79399e+00   20  196.88   46.92   11.31   80.18   60.44   95.64  132.06  323.79  225.96   34.94   54.49    5.55  -42.61
   4    5     0.0000    50.0000   52.15793  159.87059     33.000     5.8908  1.02577e+00 -1.34851e-01 -8.90921e-01  3.96041e+00  4.09819e+00 -1.33933e+00   20  199.24   44.32    7.83   82.90   65.12   93.31  131.36  318.12  223.91   37.82   51.99    3.28  -26.61
   4    6     0.0000    75.0000   51.98089  159.64388     33.000     6.2662  1.13727e-01  3.00508e-01 -4.14235e-01  3.98885e+00  4.79753e+00 -8.02445e-01   20  180.34   40.03    3.04   87.66   50.35   91.94  128.17  312.06  219.95   42.63   47.31    1.94  -23.91
   4    7     0.0000   100.0000   51.80385  159.41717     33.000     6.6367 -5.78408e-01  7.02013e-01 -1.23605e-01  3.86388e+00  5.38446e+00 -4.68835e-01   20  109.60  216.11    2.26   89.36  -16.52  -92.16  123.92  308.25  216.13   45.60   44.32    2.16  -24.44
   4    8     0.0000   125.0000   51.62682  159.19046     33.000     7.2756 -9.03325e-01  7.03667e-01  1.99659e-01  4.03474e+00  6.02340e+00 -1.82220e-01   20   65.48  214.06    2.52   87.85  -58.60  -91.32  122.69  305.33  214.11   47.14   42.83    1.31  -18.75
   4    9     0.0000   150.0000   51.44978  158.96376     33.000     7.4714 -1.08673e+00  7.83843e-01  3.02885e-01  3.87612e+00  6.33449e+00 -9.73216e-03   20   61.04  211.76    3.34   87.09  -60.76  -91.63  120.04  303.32  211.85   47.89   42.07    1.63  -16.93
   4   10     0.0000   175.0000   51.27274  158.73705     33.000     7.2008 -6.38404e-01  3.48835e-01  2.89568e-01  3.51385e+00  6.26770e+00 -1.42893e-01   20   15.62  209.23    1.68   88.37 -103.60  -89.60  119.63  298.84   29.22   46.63   43.37    0.40  -12.30
   4   11     0.0000   200.0000   51.09571  158.51034     33.000     7.1267 -9.47913e-01  2.73373e-01  6.74540e-01  3.31038e+00  6.24968e+00  1.99072e-01   20   20.65  207.87    3.45   86.57  -97.20  -89.57  118.33  297.46   27.84   48.42   41.57    0.43   -5.44
   4   12     0.0000   225.0000   50.91867  158.28364     33.000     7.3480 -1.90749e+00  5.76917e-01  1.33057e+00  3.48278e+00  6.16949e+00  9.38331e-01   20   38.81  209.60    7.72   82.38  -80.87  -91.23  118.17  300.70  209.77   52.60   37.37    1.22    1.23
   4   13     0.0000   250.0000   50.74163  158.05693     33.000     7.3418 -2.08097e+00  4.17047e-01  1.66392e+00  3.53251e+00  6.01551e+00  1.29083e+00   20   34.53  210.48    9.06   80.96  -85.99  -90.64  119.71  301.03  210.58   54.03   35.96    0.63   10.37
   4   14     0.0000   275.0000   50.56460  157.83022     33.000     7.0395 -2.28871e+00  7.85628e-02  2.21015e+00  3.48658e+00  5.51847e+00  1.46563e+00   20   18.53  212.13   11.19   79.11 -103.35  -87.38  125.42  299.90   31.64   55.81   34.06    2.57   17.42
   4   15     0.0000   300.0000   50.38756  157.60352     33.000     7.6055 -2.77228e+00 -1.52806e-01  2.92509e+00  3.91865e+00  5.63632e+00  1.74155e+00   20    8.19  214.41   13.73   77.63 -115.57  -83.98  132.23  299.37   33.12   56.96   32.38    5.88   20.16
   4   16     0.0000   325.0000   50.21053  157.37681     33.000     7.5510 -2.11876e+00 -7.73342e-01  2.89210e+00  4.10610e+00  5.64986e+00  1.45529e+00   20  351.40  216.06   13.92   80.00 -133.81  -80.26  137.81  297.74   34.36   54.01   34.30    9.59   23.16
   4   17     0.0000   350.0000   50.03349  157.15010     33.000     6.4195 -1.82569e+00 -1.09914e+00  2.92483e+00  3.44213e+00  4.67405e+00  1.27757e+00   20  343.21  216.86   17.31   79.53 -142.38  -76.13  143.41  295.19   34.30   53.47   33.14   13.63   27.84
   4   18     0.0000   375.0000   49.85645  156.92339     33.000     5.3977 -1.57066e+00 -1.19372e+00  2.76437e+00  2.83325e+00  3.83741e+00  1.11368e+00   20  339.26  217.43   20.08   79.09 -146.54  -73.04  147.44  293.34   34.12   52.94   32.02   16.65   31.58
   4   19     0.0000   400.0000   49.67942  156.69669     33.000     4.1064 -1.13179e+00 -1.26895e+00  2.40074e+00  2.03244e+00  2.87634e+00  8.33679e-01   20  332.98  217.84   24.05   79.27 -152.80  -68.35  152.35  290.14   33.61   51.03   30.93   21.25   38.48
   4   20     0.0000   425.0000   49.50238  156.46998     33.000     3.1446 -6.46993e-01 -1.26683e+00  1.91383e+00  1.48183e+00  2.23508e+00  5.30434e-01   20  325.20  218.78   27.41   81.67 -161.64  -63.80  155.98  287.26   34.70   46.91   31.68   25.90   43.07
   4   21     0.0000   450.0000   49.32534  156.24327     33.000     2.6769 -5.43853e-01 -8.96000e-01  1.43985e+00  1.32927e+00  1.96488e+00  4.20779e-01   20  327.39  217.43   23.10   81.71 -158.45  -68.36  150.74  289.26   34.16   48.79   33.26   21.40   37.39
   4   22     0.0000   475.0000   49.14831  156.01657     33.000     1.3694 -6.11791e-01 -3.28067e-01  9.39859e-01  6.09180e-01  8.71448e-01  3.53926e-01   20  344.36  214.97   25.40   73.23 -137.73  -70.64  150.79  289.88   29.18   57.44   25.77   18.51   38.57
   5    1    22.0000   -50.0000   52.75031  161.02027     26.202     2.6074 -1.43547e+00  8.90183e-01  5.45289e-01  2.27419e+00  5.46077e-01 -2.66445e-01   20  112.05  261.40   14.93   77.08  -60.22  -97.55  161.51  357.67  263.10   57.29   31.67    7.35  -44.24
   5    2    22.0000   -25.0000   52.57328  160.79356     26.202     3.9846 -1.38757e+00  1.10759e+00  2.79974e-01  3.51640e+00  1.29790e+00 -8.17549e-01   20  136.83  255.97   16.08   82.01  -30.12 -104.00  150.18  358.10  257.95   51.05   35.54   13.86  -35.74
   5    3    22.0000     0.0000   52.39624  160.56685     26.202     5.4496 -1.23182e+00  1.18366e+00  4.81577e-02  4.71050e+00  2.39749e+00 -1.02991e+00   20  138.41  247.38   12.95   85.72  -19.43 -102.24  144.46  348.58  248.30   47.89   39.52   12.21  -34.12
   5    4    22.0000    25.0000   52.21920  160.34015     26.202     5.5129 -1.78380e+00  1.71454e+00  6.92622e-02  4.28785e+00  3.06681e+00 -1.03088e+00   20  126.97  241.42   15.18   83.59  -25.23 -103.79  136.35  343.62  242.99   49.58   37.12   13.71  -46.06
   5    5    22.0000    50.0000   52.04217  160.11344     26.202     6.3426 -2.23541e+00  1.79987e+00  4.35545e-01  4.42950e+00  4.23307e+00 -5.39930e-01   20   97.05  229.96   10.00   83.16  -43.35  -97.30  131.69  326.49  230.83   51.32   37.74    7.25  -44.08
   5    6    22.0000    75.0000   51.86513  159.88673     26.202     7.3045 -2.95447e+00  2.13996e+00  8.14515e-01  4.62037e+00  5.16553e+00  1.53489e-03   20   76.58  224.49   10.47   81.10  -58.34  -95.54  127.89  319.32  225.35   53.58   35.87    5.47  -37.45
   5    7    22.0000   100.0000   51.68809  159.66003     26.202     8.5636 -3.48321e+00  2.38901e+00  1.09419e+00  4.93077e+00  6.35714e+00  5.65523e-01   20   68.32  219.99   11.03   80.26  -62.11  -95.21  123.64  314.49  220.87   54.45   35.06    5.14  -28.51
   5    8    22.0000   125.0000   51.51106  159.43332     26.202     9.3244 -3.67607e+00  2.28716e+00  1.38892e+00  5.27810e+00  6.98685e+00  8.71096e-01   20   61.14  218.56   10.66   80.14  -67.77  -94.07  123.58  312.08  219.26   54.68   35.02    4.01  -22.24
   5    9    22.0000   150.0000   51.33402  159.20661     26.202     9.6218 -4.00552e+00  2.40275e+00  1.60278e+00  5.22085e+00  7.24051e+00  1.16593e+00   20   59.45  217.37   11.59   79.24  -68.32  -94.33  121.95  311.07  218.18   55.56   34.10    4.26  -19.61
   5   10    22.0000   175.0000   51.15698  158.97990     26.202     9.2879 -3.39625e+00  1.90354e+00  1.49271e+00  4.84101e+00  7.29477e+00  1.11556e+00   20   56.16  214.69   10.26   80.44  -68.84  -93.74  120.14  307.93  215.31   54.42   35.33    3.69  -15.15
   5   11    22.0000   200.0000   50.97995  158.75320     26.202     9.2941 -3.41770e+00  1.56547e+00  1.85223e+00  4.64421e+00  7.35365e+00  1.40609e+00   20   48.42  212.98   10.58   79.80  -74.81  -92.80  119.52  305.39  213.48   55.12   34.74    2.76   -7.76
   5   12    22.0000   225.0000   50.80291  158.52649     26.202     9.4473 -3.87553e+00  1.53995e+00  2.33558e+00  4.62696e+00  7.27783e+00  1.83900e+00   20   44.37  213.03   12.20   78.03  -78.90  -92.38  119.94  305.04  213.52   56.90   32.99    2.33   -2.02
   5   13    22.0000   250.0000   50.62587  158.29978     26.202     9.3799 -3.69692e+00  1.12653e+00  2.57039e+00  4.59387e+00  7.20863e+00  2.03413e+00   20   38.27  212.72   12.17   77.88  -84.57  -91.17  121.19  303.70  212.96   57.10   32.87    1.14    6.34
   5   14    22.0000   275.0000   50.44884  158.07308     26.202     9.1904 -3.59189e+00  5.55612e-01  3.03628e+00  4.51763e+00  6.96262e+00  2.15354e+00   20   26.02  212.79   12.76   77.33  -96.61  -88.51  124.77  301.54   32.47   57.64   32.31    1.46   14.24
   5   15    22.0000   300.0000   50.27180  157.84637     26.202     9.1249 -3.77528e+00  1.67560e-01  3.60772e+00  4.52434e+00  6.66553e+00  2.29347e+00   20   15.79  213.69   14.49   76.19 -107.36  -85.59  129.68  300.05   32.64   58.59   31.05    4.28   18.78
   5   16    22.0000   325.0000   50.09476  157.61966     26.202     9.0540 -3.35070e+00 -3.57983e-01  3.70869e+00  4.76308e+00  6.55550e+00  2.11413e+00   20    3.64  215.51   14.80   77.36 -121.01  -82.25  135.59  299.06   33.81   56.97   31.93    7.56   21.19
   5   17    22.0000   350.0000   49.91773  157.39295     26.202     7.8183 -3.06898e+00 -6.62347e-01  3.73133e+00  3.99433e+00  5.51216e+00  1.92067e+00   20  357.59  215.40   17.20   76.26 -126.55  -79.56  139.20  296.85   32.89   57.51   30.50   10.14   25.26
   5   18    22.0000   375.0000   49.74069  157.16625     26.202     6.7365 -2.63255e+00 -8.49064e-01  3.48161e+00  3.36510e+00  4.71143e+00  1.66395e+00   20  352.94  215.24   18.63   76.00 -130.77  -77.58  141.57  295.14   32.19   57.26   29.93   12.04   28.88
   5   19    22.0000   400.0000   49.56366  156.93954     26.202     5.4667 -1.53042e+00 -1.23747e+00  2.76790e+00  2.79149e+00  3.98247e+00  1.08414e+00   20  338.56  216.29   19.46   79.32 -146.19  -73.64  145.58  292.65   33.18   52.92   32.39   16.07   33.09
   5   20    22.0000   425.0000   49.38662  156.71283     26.202     4.0214 -8.53566e-01 -1.29996e+00  2.15353e+00  1.98969e+00  2.95994e+00  6.80273e-01   20  328.82  217.21   22.54   81.31 -156.79  -69.12  150.02  289.71   33.92   49.46   33.11   20.63   38.44
   5   21    22.0000   450.0000   49.20958  156.48613     26.202     3.2202 -5.90018e-01 -9.69881e-01  1.55990e+00  1.63929e+00  2.42349e+00  4.73748e-01   20  327.82  216.86   20.50   82.38 -157.75  -70.91  147.55  290.53   34.23   49.12   34.65   18.91   34.76
   5   22    22.0000   475.0000   49.03255  156.25942     26.202     1.6086 -4.88519e-01 -4.30193e-01  9.18712e-01  7.54925e-01  1.16993e+00  3.13857e-01   20  336.57  214.65   21.49   78.24 -146.19  -71.88  146.25  289.80   30.83   53.33   30.92   17.72   37.89
   6    1    44.0000   -50.0000   52.63455  161.26312     19.403     3.2124 -2.10668e+00  1.34233e+00  7.64347e-01  2.51080e+00  1.06128e+00  6.96706e-03   20   83.45  249.97   16.39   74.04  -77.04  -93.77  154.50  343.02  251.01   60.79   28.94    3.63  -45.91
   6    2    44.0000   -25.0000   52.45751  161.03641     19.403     5.0899 -3.42850e+00  2.34436e+00  1.08414e+00  3.88808e+00  1.69912e+00 -1.58783e-01   20   93.94  251.71   18.00   73.26  -68.76  -96.71  151.84  347.08  253.65   61.18   27.96    6.43  -46.22
   6    3    44.0000     0.0000   52.28048  160.80971     19.403     6.2600 -4.17253e+00  2.99855e+00  1.17398e+00  4.65463e+00  2.35998e+00 -3.16612e-01   20   98.97  250.21   18.90   73.30  -62.56  -98.97  147.18  347.36  252.80   60.72   27.76    8.58  -46.45
   6    4    44.0000    25.0000   52.10344  160.58300     19.403     6.9928 -4.67879e+00  3.36570e+00  1.31308e+00  4.78850e+00  3.40444e+00 -2.73251e-01   20   94.15  242.72   19.03   73.60  -59.99  -99.79  138.71  340.54  245.51   60.24   27.96    9.39  -51.27
   6    5    44.0000    50.0000   51.92641  160.35629     19.403     7.9422 -5.10696e+00  3.62472e+00  1.48224e+00  4.96239e+00  4.58811e+00  1.94023e-01   20   81.46  233.52   17.71   74.25  -63.20  -98.19  131.91  330.12  235.76   59.95   28.79    7.88  -47.08
   6    6    44.0000    75.0000   51.74937  160.12959     19.403     8.9151 -5.14544e+00  3.50999e+00  1.63546e+00  5.33620e+00  5.72338e+00  5.83230e-01   20   71.95  227.12   15.53   75.84  -65.98  -96.46  128.33  322.42  228.71   58.68   30.55    6.26  -39.60
   6    7    44.0000   100.0000   51.57233  159.90288     19.403    10.3811 -5.81648e+00  3.68455e+00  2.13193e+00  5.79608e+00  6.95722e+00  1.33611e+00   20   63.26  222.75   15.43   75.51  -70.17  -95.35  125.36  317.13  224.09   59.16   30.31    5.18  -29.60
   6    8    44.0000   125.0000   51.39530  159.67617     19.403    11.3744 -6.14072e+00  3.67131e+00  2.46941e+00  6.30603e+00  7.66584e+00  1.84885e+00   20   58.88  221.57   15.15   75.51  -73.26  -94.46  125.40  315.23  222.69   59.26   30.37    4.32  -21.92
   6    9    44.0000   150.0000   51.21826  159.44946     19.403    11.7252 -6.48231e+00  3.67041e+00  2.81190e+00  6.28709e+00  7.87707e+00  2.24122e+00   20   55.68  220.49   15.79   74.74  -75.36  -94.09  124.69  313.82  221.57   60.06   29.62    3.94  -17.98
   6   10    44.0000   175.0000   51.04122  159.22276     19.403    11.5867 -5.91795e+00  3.13413e+00  2.78382e+00  6.05868e+00  8.14745e+00  2.28627e+00   20   52.97  218.11   14.77   75.71  -75.61  -93.75  122.94  311.19  219.04   59.13   30.61    3.63  -13.11
   6   11    44.0000   200.0000   50.86419  158.99605     19.403    11.4873 -5.94298e+00  2.85608e+00  3.08690e+00  5.55663e+00  8.25571e+00  2.55477e+00   20   50.10  215.38   15.35   75.13  -75.78  -93.86  119.97  308.53  216.37   59.70   30.03    3.73   -8.94
   6   12    44.0000   225.0000   50.68715  158.76934     19.403    11.1571 -5.59084e+00  2.38576e+00  3.20508e+00  5.39460e+00  8.06802e+00  2.57305e+00   20   45.60  214.69   14.96   75.30  -79.44  -92.80  120.77  306.98  215.40   59.61   30.24    2.71   -4.33
   6   13    44.0000   250.0000   50.51011  158.54264     19.403    11.1209 -5.35361e+00  1.87398e+00  3.47962e+00  5.17823e+00  8.19658e+00  2.72990e+00   20   41.04  212.84   14.76   75.39  -82.07  -92.08  119.94  304.55  213.37   59.56   30.36    2.01    2.53
   6   14    44.0000   275.0000   50.33308  158.31593     19.403    11.0517 -5.09095e+00  1.19852e+00  3.89244e+00  5.25380e+00  8.08448e+00  2.84704e+00   20   31.56  212.95   14.61   75.39  -91.35  -89.65  123.44  302.66   32.86   59.61   30.39    0.34   10.63
   6   15    44.0000   300.0000   50.15604  158.08922     19.403    10.7535 -4.89388e+00  6.14351e-01  4.27952e+00  5.24169e+00  7.69226e+00  2.86348e+00   20   21.52  213.77   15.26   75.08 -101.83  -86.80  128.27  301.16   32.94   59.80   30.01    3.09   16.14
   6   16    44.0000   325.0000   49.97900  157.86252     19.403    10.1571 -4.19131e+00 -3.87808e-02  4.23009e+00  5.24185e+00  7.22767e+00  2.53770e+00   20    9.63  215.26   15.29   76.16 -114.84  -83.45  134.10  299.87   33.69   58.35   30.86    6.36   19.28
   6   17    44.0000   350.0000   49.80197  157.63581     19.403     8.9544 -3.67837e+00 -4.44944e-01  4.12331e+00  4.51101e+00  6.34879e+00  2.23603e+00   20    3.01  214.72   16.48   75.87 -120.65  -81.42  136.29  297.70   32.61   58.28   30.36    8.32   23.01
   6   18    44.0000   375.0000   49.62493  157.40910     19.403     8.1029 -3.03248e+00 -7.32049e-01  3.76453e+00  4.17589e+00  5.78762e+00  1.89040e+00   20  356.15  215.36   16.70   76.91 -128.01  -79.53  138.96  296.73   32.97   56.87   31.14   10.20   24.63
   6   19    44.0000   400.0000   49.44789  157.18239     19.403     6.8662 -2.42676e+00 -8.72687e-01  3.29945e+00  3.49772e+00  4.94613e+00  1.55685e+00   20  351.47  215.18   17.27   77.33 -132.39  -78.16  140.26  295.40   32.54   56.13   31.34   11.55   27.63
   6   20    44.0000   425.0000   49.27086  156.95569     19.403     4.7842 -1.13992e+00 -1.21755e+00  2.35747e+00  2.46974e+00  3.52966e+00  8.34136e-01   20  333.90  216.71   19.71   80.70 -151.38  -72.54  146.53  291.98   33.81   51.25   33.47   17.22   32.81
   6   21    44.0000   450.0000   49.09382  156.72898     19.403     3.1355 -7.60966e-01 -9.31082e-01  1.69205e+00  1.51872e+00  2.32063e+00  5.63384e-01   20  331.88  215.96   21.51   80.22 -152.42  -70.74  147.75  289.90   32.57   51.07   32.53   18.97   38.70
   6   22    44.0000   475.0000   48.91678  156.50227     19.403     1.8199 -7.20036e-01 -3.30542e-01  1.05058e+00  8.20550e-01  1.29211e+00  4.46235e-01   20  349.37  212.81   19.98   75.21 -131.67  -76.41  140.91  291.87   29.28   57.67   28.95   13.13   36.13
   7    1    66.0000   -50.0000   52.51879  161.50597     12.605     3.6505 -2.85916e+00  1.70814e+00  1.15102e+00  2.55223e+00  1.04335e+00  4.18664e-01   20   61.93  246.32   20.54   69.52  -94.11  -88.46  158.94  335.12   65.78   65.45   24.50    1.44  -45.35
   7    2    66.0000   -25.0000   52.34175  161.27927     12.605     5.9781 -4.40163e+00  2.82085e+00  1.58078e+00  4.36890e+00  1.88954e+00  2.42656e-01   20   77.52  249.00   18.82   71.38  -81.93  -92.74  154.66  341.16  249.88   63.53   26.33    2.59  -46.76
   7    3    66.0000     0.0000   52.16472  161.05256     12.605     7.2955 -5.51543e+00  3.71356e+00  1.80187e+00  5.00594e+00  2.75877e+00  1.08226e-01   20   84.55  246.75   20.15   70.74  -73.22  -96.05  147.05  341.48  248.75   63.77   25.51    5.71  -49.39
   7    4    66.0000    25.0000   51.98768  160.82585     12.605     8.3438 -6.27355e+00  4.30253e+00  1.97101e+00  5.35068e+00  3.79453e+00  1.92132e-01   20   83.33  241.59   20.50   70.85  -69.52  -97.45  139.77  337.42  244.05   63.42   25.49    7.04  -50.26
   7    5    66.0000    50.0000   51.81064  160.59915     12.605     9.0473 -6.51954e+00  4.45448e+00  2.06506e+00  5.39046e+00  4.91511e+00  4.19522e-01   20   77.91  234.42   19.68   71.84  -67.75  -97.71  132.60  330.50  236.83   62.40   26.45    7.33  -49.34
   7    6    66.0000    75.0000   51.63361  160.37244     12.605    10.5300 -6.99662e+00  4.55136e+00  2.44526e+00  6.00726e+00  6.28670e+00  1.14595e+00   20   67.29  227.99   18.06   72.90  -71.59  -95.88  129.21  322.68  229.72   61.67   27.67    5.62  -39.16
   7    7    66.0000   100.0000   51.45657  160.14573     12.605    12.1591 -7.58165e+00  4.68658e+00  2.89507e+00  6.76782e+00  7.55035e+00  1.92806e+00   20   61.16  224.81   17.33   73.34  -74.35  -94.81  127.70  318.66  226.19   61.38   28.18    4.61  -28.84
   7    8    66.0000   125.0000   51.27953  159.91902     12.605    13.1388 -8.04772e+00  4.68519e+00  3.36253e+00  7.10816e+00  8.25269e+00  2.57162e+00   20   56.65  222.97   17.39   73.07  -76.92  -94.05  126.91  316.21  224.15   61.72   27.96    3.88  -21.84
   7    9    66.0000   150.0000   51.10250  159.69232     12.605    13.5715 -8.30929e+00  4.57940e+00  3.72988e+00  7.09963e+00  8.56580e+00  3.06194e+00   20   53.58  221.53   17.77   72.60  -78.51  -93.65  125.99  314.45  222.63   62.23   27.51    3.48  -16.58
   7   10    66.0000   175.0000   50.92546  159.46561     12.605    13.3183 -7.90474e+00  4.09593e+00  3.80881e+00  6.71167e+00  8.72632e+00  3.13308e+00   20   51.23  219.25   17.41   72.95  -78.56  -93.56  123.90  312.10  220.30   61.89   27.86    3.40  -13.30
   7   11    66.0000   200.0000   50.74843  159.23890     12.605    13.0573 -7.77637e+00  3.77979e+00  3.99658e+00  6.18443e+00  8.71506e+00  3.33697e+00   20   49.57  217.08   17.85   72.54  -78.09  -93.80  121.30  310.11  218.23   62.27   27.45    3.63   -9.75
   7   12    66.0000   225.0000   50.57139  159.01220     12.605    12.9351 -7.29067e+00  3.23114e+00  4.05953e+00  6.16231e+00  8.81711e+00  3.39302e+00   20   46.39  216.11   17.06   73.20  -80.16  -93.00  121.63  308.52  216.98   61.69   28.14    2.87   -4.42
   7   13    66.0000   250.0000   50.39435  158.78549     12.605    12.9557 -6.88318e+00  2.57368e+00  4.30951e+00  6.04917e+00  9.09714e+00  3.47831e+00   20   41.85  214.29   16.35   73.79  -82.75  -92.12  121.18  306.00  214.88   61.16   28.76    2.04    1.75
   7   14    66.0000   275.0000   50.21732  158.55878     12.605    12.5874 -6.18380e+00  1.68716e+00  4.49664e+00  5.95511e+00  9.00044e+00  3.38272e+00   20   33.98  213.52   15.47   74.53  -89.56  -90.12  123.34  303.62  213.55   60.47   29.53    0.12    8.87
   7   15    66.0000   300.0000   50.04028  158.33208     12.605    12.0295 -5.52977e+00  8.70640e-01  4.65913e+00  5.99254e+00  8.52233e+00  3.18339e+00   20   22.85  214.58   15.21   75.09 -101.33  -86.94  128.88  302.09   33.80   59.80   30.03    2.95   14.24
   7   16    66.0000   325.0000   49.86324  158.10537     12.605    10.7152 -4.41463e+00  2.97266e-02  4.38490e+00  5.54114e+00  7.64833e+00  2.63878e+00   20   10.52  215.23   15.06   76.27 -113.96  -83.77  133.63  300.09   33.74   58.29   31.00    6.05   18.28
   7   17    66.0000   350.0000   49.68621  157.87866     12.605     9.4907 -3.88913e+00 -3.80295e-01  4.26943e+00  4.79980e+00  6.75797e+00  2.33362e+00   20    4.16  214.68   16.12   76.02 -119.52  -81.89  135.60  298.03   32.71   58.23   30.56    7.86   21.75
   7   18    66.0000   375.0000   49.50917  157.65195     12.605     8.5019 -2.82746e+00 -8.80202e-01  3.70766e+00  4.48418e+00  6.20806e+00  1.78442e+00   20  352.70  215.60   15.75   78.33 -131.80  -79.36  138.91  296.69   33.42   55.45   32.51   10.42   23.68
   7   19    66.0000   400.0000   49.33213  157.42525     12.605     7.5251 -2.51049e+00 -8.62928e-01  3.37342e+00  3.94834e+00  5.47389e+00  1.60369e+00   20  351.53  215.64   16.23   78.19 -132.94  -78.78  139.68  296.27   33.31   55.45   32.29   10.98   24.94
   7   20    66.0000   425.0000   49.15510  157.19854     12.605     5.2729 -1.19809e+00 -1.20824e+00  2.40634e+00  2.78088e+00  3.93593e+00  8.83029e-01   20  334.96  216.62   18.09   81.19 -150.43  -74.14  144.63  293.09   34.13   51.31   34.32   15.67   30.31
   7   21    66.0000   450.0000   48.97806  156.97183     12.605     2.7812  1.53394e-02 -1.32019e+00  1.30485e+00  1.29097e+00  2.14974e+00  1.83648e-01   20  311.83  219.18   26.51   88.68 -177.04  -63.52  153.66  285.57   38.52   40.47   38.06   26.47   41.56
   7   22    66.0000   475.0000   48.80102  156.74513     12.605     1.6766 -2.04074e-01 -5.75183e-01  7.79257e-01  8.16805e-01  1.30679e+00  2.03845e-01   20  322.08  216.20   20.68   84.10 -163.09  -70.15  146.91  288.92   34.08   47.24   36.08   19.74   38.71
   8    1    88.0000   -50.0000   52.40303  161.74883      5.807     3.6045 -2.64737e+00  1.64474e+00  1.00263e+00  2.72220e+00  8.35298e-01  3.24373e-01   20   67.63  251.80   18.97   71.08  -93.94  -88.65  163.97  340.73   71.36   63.90   26.07    1.28  -43.22
   8    2    88.0000   -25.0000   52.22599  161.52212      5.807     6.3912 -4.95017e+00  3.09019e+00  1.85998e+00  4.53101e+00  1.86662e+00  4.91512e-01   20   70.44  248.29   19.99   70.02  -87.99  -90.73  157.07  338.86  248.54   64.97   25.02    0.69  -46.72
   8    3    88.0000     0.0000   52.04896  161.29541      5.807     7.9037 -6.08099e+00  3.96549e+00  2.11550e+00  5.28746e+00  3.06130e+00  3.85630e-01   20   77.00  244.09   20.19   70.28  -77.86  -94.42  146.82  337.54  245.58   64.45   25.16    4.16  -48.57
   8    4    88.0000    25.0000   51.87192  161.06871      5.807     8.9574 -6.65662e+00  4.47530e+00  2.18132e+00  5.79021e+00  4.06881e+00  3.76979e-01   20   79.06  240.50   19.89   71.07  -72.48  -96.22  140.64  335.38  242.53   63.43   25.81    5.88  -48.25
   8    5    88.0000    50.0000   51.69488  160.84200      5.807     9.7480 -6.85451e+00  4.62860e+00  2.22591e+00  6.00938e+00  5.15650e+00  5.95927e-01   20   75.45  234.80   18.96   72.18  -70.39  -96.58  134.78  330.01  236.82   62.27   26.89    6.26  -45.66
   8    6    88.0000    75.0000   51.51785  160.61529      5.807    11.2906 -7.48916e+00  4.86691e+00  2.62225e+00  6.44650e+00  6.69894e+00  1.32977e+00   20   66.80  228.02   18.13   72.78  -72.10  -95.75  129.41  322.60  229.73   61.81   27.56    5.49  -37.55
   8    7    88.0000   100.0000   51.34081  160.38859      5.807    13.0093 -8.32640e+00  5.13653e+00  3.18987e+00  7.14590e+00  7.93837e+00  2.23342e+00   20   60.85  225.00   17.97   72.67  -74.89  -94.83  127.70  318.86  226.45   62.03   27.52    4.61  -27.90
   8    8    88.0000   125.0000   51.16377  160.16188      5.807    14.1476 -8.98756e+00  5.19627e+00  3.79130e+00  7.45396e+00  8.75859e+00  2.94575e+00   20   56.27  222.80   18.21   72.26  -77.19  -94.17  126.40  316.12  224.07   62.52   27.15    3.97  -21.71
   8    9    88.0000   150.0000   50.98674  159.93517      5.807    14.5431 -9.17646e+00  5.00702e+00  4.16944e+00  7.37061e+00  9.11928e+00  3.42887e+00   20   53.27  221.02   18.46   71.93  -78.36  -93.85  125.03  314.07  222.21   62.88   26.83    3.66  -16.60
   8   10    88.0000   175.0000   50.80970  159.70846      5.807    14.0986 -8.70571e+00  4.51795e+00  4.18777e+00  6.92999e+00  9.07995e+00  3.47137e+00   20   51.39  219.25   18.26   72.13  -78.45  -93.78  123.42  312.25  220.41   62.69   27.03    3.60  -13.58
   8   11    88.0000   200.0000   50.63266  159.48176      5.807    13.8605 -8.53100e+00  4.17970e+00  4.35130e+00  6.61643e+00  8.97789e+00  3.65949e+00   20   49.31  218.07   18.48   71.85  -79.33  -93.54  122.56  310.88  219.18   62.99   26.77    3.36   -9.80
   8   12    88.0000   225.0000   50.45563  159.25505      5.807    13.7725 -7.98438e+00  3.56589e+00  4.41848e+00  6.52169e+00  9.23949e+00  3.70656e+00   20   46.47  216.44   17.59   72.66  -80.43  -93.02  121.85  308.84  217.34   62.22   27.60    2.88   -4.68
   8   13    88.0000   250.0000   50.27859  159.02834      5.807    13.9612 -7.74157e+00  2.98287e+00  4.75870e+00  6.55175e+00  9.53409e+00  3.90221e+00   20   42.11  215.19   17.10   73.02  -83.38  -92.03  122.13  306.81  215.78   61.93   27.99    1.94    1.47
   8   14    88.0000   275.0000   50.10156  158.80164      5.807    13.3643 -6.82038e+00  1.97264e+00  4.84774e+00  6.32324e+00  9.39342e+00  3.67655e+00   20   34.71  214.00   16.03   73.98  -89.32  -90.20  123.71  304.16  214.05   61.02   28.98    0.19    7.88
   8   15    88.0000   300.0000   49.92452  158.57493      5.807    12.9445 -6.30504e+00  1.25372e+00  5.05132e+00  6.36092e+00  9.02781e+00  3.54762e+00   20   26.01  214.68   15.84   74.34  -98.35  -87.64  128.08  302.77   34.04   60.60   29.30    2.27   12.56
   8   16    88.0000   325.0000   49.74748  158.34822      5.807    10.9515 -4.69026e+00  1.47580e-01  4.54268e+00  5.56020e+00  7.80234e+00  2.73527e+00   20   12.43  214.74   15.29   75.81 -111.60  -84.26  132.59  300.02   33.32   58.81   30.58    5.57   17.51
   8   17    88.0000   350.0000   49.57045  158.12151      5.807     9.7526 -3.58479e+00 -5.29936e-01  4.11472e+00  5.08517e+00  7.09173e+00  2.17514e+00   20    0.75  215.10   15.09   77.45 -123.42  -81.55  136.02  298.07   33.26   56.75   31.95    8.24   20.91
   8   18    88.0000   375.0000   49.39341  157.89481      5.807     8.7204 -2.81653e+00 -9.05257e-01  3.72179e+00  4.65481e+00  6.37866e+00  1.78582e+00   20  352.07  215.89   15.50   78.68 -132.77  -79.33  139.12  296.93   33.78   55.10   32.86   10.46   23.05
   8   19    88.0000   400.0000   49.21637  157.66810      5.807     7.2237 -2.14204e+00 -1.07247e+00  3.21451e+00  3.83762e+00  5.30410e+00  1.41886e+00   20  345.88  216.09   16.48   79.28 -139.02  -77.41  141.31  295.48   33.71   54.06   33.13   12.37   26.09
   8   20    88.0000   425.0000   49.03934  157.44139      5.807     5.1218 -9.63303e-01 -1.32642e+00  2.28973e+00  2.71991e+00  3.84846e+00  7.75372e-01   20  330.61  217.20   18.59   82.39 -155.45  -72.99  145.90  292.53   34.88   49.81   35.21   16.86   31.06
   8   21    88.0000   450.0000   48.86230  157.21469      5.807     3.0487  3.93895e-01 -1.49542e+00  1.10153e+00  1.48292e+00  2.35351e+00  1.04943e-02   20  304.55   40.33   25.31   87.27  173.61   64.83  152.54  286.34   41.61   37.27   42.29   25.14   34.40
   8   22    88.0000   475.0000   48.68526  156.98798      5.807     1.6067  1.79082e-01 -7.59421e-01  5.80340e-01  7.96804e-01  1.24037e+00  1.78535e-02   20  305.55   40.16   24.49   87.90  174.94   65.59  151.97  287.00   41.11   38.14   42.02   24.39   33.69
