    1    1   -66.00   -50.00    53.21336   160.04886    53.395     0.7109     0.143800005    -0.461499989     0.317699999     0.466600001     0.184100002     0.300500005   20  331.50   69.36   42.97   82.74   169.32    47.53  191.24  302.44   75.95   25.35   37.36   42.05   -19.11
    1    2   -66.00   -25.00    53.03632   159.82216    53.395     1.7238     0.759599984    -0.844200015     0.084600002     1.301599979     0.800800025     0.151899993   20  299.63   65.36   20.05   77.97   142.55    73.84  168.65  315.67   68.82   31.12   54.26   15.80    23.71
    1    3   -66.00     0.00    52.85928   159.59544    53.395     1.5800     1.247099996    -0.832899988    -0.414200008     0.984099984     0.740300000     0.041099999   20  268.60   62.84   21.63   70.35   114.16    80.78  160.01  318.12   65.96   24.80   63.53    8.68    59.87
    1    4   -66.00    25.00    52.68225   159.36874    53.395     2.2689     1.795099974    -1.064599991    -0.730499983     1.170799971     1.255200028    -0.251100004   20  240.54   47.54   20.95   69.54   102.17    85.39  141.12  309.76   49.16   24.41   65.16    4.32    49.36
    1    5   -66.00    50.00    52.50521   159.14203    53.395     2.4970     1.509400010    -0.625000000    -0.884400010     0.956499994     1.971300006    -0.058100000   20  198.34   24.77   14.41   75.68    83.77    91.60  113.46  296.98  204.37   30.66   59.29    1.55    44.62
    1    6   -66.00    75.00    52.32817   158.91533    53.395     2.8390     1.530599952    -0.511099935    -1.019500017     1.297799945     2.169500113    -0.168099999   20  197.20   29.32   13.79   76.51    78.21    92.87  116.95  303.20  208.65   31.45   58.40    2.79    31.86
    1    7   -66.00   100.00    52.15114   158.68861    53.395     2.3217     1.494500041    -0.437000036    -1.057500005     1.125699997     1.413800001    -0.598800004   20  206.54   36.83   19.69   70.60    80.31    93.45  124.12  312.44  215.68   25.53   64.24    3.25     7.26
    1    8   -66.00   125.00    51.97410   158.46191    53.395     2.5434     2.017499924    -0.526599884    -1.490900040     0.957300007     1.081799984    -1.053699970   20  206.95   37.93   28.08   62.35    80.29    95.14  124.13  319.88  215.54   17.20   72.17    4.55   -10.15
    1    9   -66.00   150.00    51.79707   158.23520    53.395     2.4782     2.029599905    -0.186599851    -1.843000054     0.593599975     0.630699992    -1.357499957   20  201.30   36.03   35.54   55.37    77.92    98.50  119.94  335.59  211.18    9.99   77.76    6.99   -39.94
    1   10   -66.00   175.00    51.62003   158.00850    53.395     3.2535     2.550699949    -0.125999928    -2.424700022     0.999100029     0.869199991    -1.733199954   20  194.48   39.61   35.11   57.52    69.00   104.14  119.46  346.73  211.91   11.46   73.36   11.89   -39.12
    1   11   -66.00   200.00    51.44299   157.78178    53.395     3.3283     2.357300043    -0.007499933    -2.349800110     1.133599997     1.172999978    -1.886000037   20  193.89   40.39   32.32   60.48    67.16   103.80  120.36  341.73  213.49   14.43   71.08   11.98   -50.04
    1   12   -66.00   225.00    51.26596   157.55508    53.395     4.2563     2.807800055    -0.144500017    -2.663300037     1.727499962     1.867799997    -2.232399940   20  195.54   40.64   28.30   64.01    67.58   101.61  122.03  333.83  215.50   18.22   68.83   10.42   -44.21
    1   13   -66.00   250.00    51.08892   157.32837    53.395     4.9979     3.089900017    -0.341000080    -2.748899937     2.331300020     2.481899977    -2.342600107   20  197.04   41.37   24.98   67.00    67.71   100.02  123.78  329.36  217.42   21.39   66.52    9.22   -35.56
    1   14   -66.00   275.00    50.91188   157.10167    53.395     5.1149     2.931099892    -0.355899811    -2.575200081     2.698999882     2.619699955    -2.202899933   20  194.26   43.88   23.37   69.41    62.44   101.31  125.18  332.23  219.86   23.60   63.87   10.58   -29.91
    1   15   -66.00   300.00    50.73484   156.87495    53.395     5.1639     2.843800068    -0.535700083    -2.308099985     2.660799980     2.962399960    -2.108200073   20  202.56   40.98   20.49   70.48    72.67    96.35  126.02  321.25  218.85   25.22   63.98    5.99   -28.90
    1   16   -66.00   325.00    50.55781   156.64825    53.395     4.9297     2.521800041    -0.718299985    -1.803500056     2.512099981     3.124700069    -1.876000047   20  214.32   38.63   17.83   72.22    85.90    91.32  127.58  310.66  218.22   27.21   62.76    1.26   -26.13
    1   17   -66.00   350.00    50.38077   156.42154    53.395     5.0775     2.641700029    -0.883000016    -1.758700013     2.493700027     3.308799982    -1.855999947   20  220.13   37.16   17.67   72.35    92.83    89.10  127.87  305.77   37.43   27.34   62.64    0.86   -21.77
    1   18   -66.00   375.00    50.20374   156.19484    53.395     4.7322     2.349499941    -0.883599997    -1.465899944     2.556799889     3.108000040    -1.424900055   20  218.98   39.42   15.87   74.13    89.58    90.12  129.32  309.59  219.38   29.13   60.87    0.11   -11.48
    1   19   -66.00   400.00    50.02670   155.96814    53.395     3.3430     1.618700027    -0.738400042    -0.880299985     1.905200005     2.203599930    -0.849099994   20  224.26   41.07   14.71   75.31    93.09    89.19  131.73  309.93   41.27   30.31   59.68    0.78    -2.47
    1   20   -66.00   425.00    49.84966   155.74142    53.395     3.1347     1.610399961    -0.828999937    -0.781400025     1.745499969     2.057600021    -0.775699973   20  230.34   41.11   15.45   74.74    98.90    87.55  133.10  307.62   41.76   29.70   60.19    2.36     2.53
    1   21   -66.00   450.00    49.67263   155.51472    53.395     2.5632     1.373700023    -0.765600026    -0.608099997     1.372400045     1.670500040    -0.689000010   20  235.48   40.82   16.66   73.86   104.07    85.84  134.17  304.76   41.98   28.74   60.93    3.99     1.30
    1   22   -66.00   475.00    49.49559   155.28801    53.395     1.9704     1.203500032    -0.580200016    -0.623300016     0.994099975     1.204900026    -0.596300006   20  227.41   40.45   18.88   71.25    96.58    87.75  132.22  306.87   41.18   26.21   63.69    2.13     0.97
    2    1   -44.00   -50.00    53.09760   160.29172    46.597     0.8910     0.351000011    -0.709800005     0.358799994     0.538399994     0.325899988     0.160899997   20  315.40   65.01   37.70   75.46   155.76    54.82  181.16  297.94   75.04   22.45   47.48   33.89   -19.07
    2    2   -44.00   -25.00    52.92056   160.06500    46.597     2.7444     1.704399943    -1.532999992    -0.171399996     1.845499992     1.286999941     0.003100000   20  281.84   63.59   21.31   72.97   126.30    76.99  163.86  315.04   67.46   26.85   59.98   12.43    32.15
    2    3   -44.00     0.00    52.74352   159.83830    46.597     3.1094     1.760100007    -1.358700037    -0.401400000     2.164799929     1.752099991     0.370700002   20  286.58   60.93   18.20   77.06   134.18    77.10  161.53  314.48   63.87   30.89   56.11   12.57    56.29
    2    4   -44.00    25.00    52.56649   159.61159    46.597     3.6860     2.412699938    -1.528199911    -0.884500027     1.959200025     2.569400072     0.076099999   20  244.89   42.47   15.52   75.60   111.67    84.14  137.27  304.42   43.93   30.36   59.00    5.67    61.19
    2    5   -44.00    50.00    52.38945   159.38489    46.597     4.0119     2.567500114    -1.312400103    -1.255100012     1.937199950     2.864500046    -0.235300004   20  221.97   35.38   15.32   74.77    96.36    88.26  126.79  302.91   35.84   29.75   60.19    1.68    47.16
    2    6   -44.00    75.00    52.21241   159.15817    46.597     3.8573     2.661799908    -1.092299938    -1.569499969     1.438199997     2.605099916    -0.890999973   20  221.18   31.11   20.01   70.27    99.48    86.57  123.79  295.45   32.27   25.19   64.57    3.23    21.29
    2    7   -44.00   100.00    52.03538   158.93147    46.597     3.7040     2.568000078    -0.695400119    -1.872599959     1.350800037     2.189599991    -1.355000019   20  214.57   32.11   23.02   67.00    92.27    89.04  122.85  300.30   32.49   21.99   67.99    0.89   -10.12
    2    8   -44.00   125.00    51.85834   158.70476    46.597     3.7424     2.966700077    -0.533200026    -2.433500051     1.102499962     1.547700047    -1.755900025   20  207.44   33.55   29.86   60.28    84.70    93.04  121.33  311.63  212.04   15.23   74.53    2.64   -25.33
    2    9   -44.00   150.00    51.68130   158.47806    46.597     4.9296     3.924000025    -0.408200026    -3.515799999     1.473700047     1.536599994    -2.543800116   20  199.51   37.33   33.26   58.02    74.95    99.66  120.35  334.57  212.18   12.52   74.97    8.19   -34.88
    2   10   -44.00   175.00    51.50427   158.25134    46.597     5.8028     4.536699772    -0.233899593    -4.302800179     1.641100049     1.591899991    -3.223599911   20  197.05   38.48   34.89   57.01    72.15   102.06  119.82  342.79  211.85   11.24   74.80   10.10   -43.73
    2   11   -44.00   200.00    51.32723   158.02464    46.597     6.5832     4.750800133    -0.166900158    -4.583899975     2.200999975     2.176100016    -3.814599991   20  195.29   41.08   32.91   59.77    67.92   103.67  121.17  343.30  214.10   13.75   71.74   11.78   -49.53
    2   12   -44.00   225.00    51.15020   157.79793    46.597     7.6303     4.974400043    -0.257999897    -4.716400146     3.203399897     3.202500105    -4.132699966   20  193.87   42.78   29.00   64.11    64.21   103.56  122.74  339.04  216.77   18.04   67.99   12.18   -45.68
    2   13   -44.00   250.00    50.97316   157.57123    46.597     8.5545     5.301099777    -0.454299927    -4.846799850     3.908699989     4.070000172    -4.268199921   20  195.64   42.16   26.11   66.32    65.86   101.33  123.63  332.79  217.56   20.54   66.77   10.37   -40.46
    2   14   -44.00   275.00    50.79612   157.34453    46.597     8.8983     5.102900028    -0.559999943    -4.542900085     4.567999840     4.500000000    -4.097599983   20  194.55   43.91   23.96   68.82    62.80   101.48  125.11  332.90  219.71   23.00   64.37   10.70   -35.28
    2   15   -44.00   300.00    50.61908   157.11781    46.597     8.9248     4.974699974    -0.927700043    -4.046999931     4.502699852     4.933700085    -4.039299965   20  203.11   41.69   21.52   69.51    72.64    96.71  126.49  322.91  219.33   24.22   64.87    6.29   -35.54
    2   16   -44.00   325.00    50.44205   156.89111    46.597     8.9443     4.700300217    -1.302700281    -3.397599936     4.470699787     5.527699947    -3.655100107   20  214.16   38.80   18.72   71.34    85.61    91.49  127.62  311.16  218.32   26.32   63.64    1.41   -29.92
    2   17   -44.00   350.00    50.26501   156.66440    46.597     8.9931     4.577099800    -1.545499802    -3.031599998     4.488800049     5.876500130    -3.286499977   20  220.31   37.50   17.36   72.66    92.68    89.16  128.17  306.23   37.75   27.66   62.33    0.80   -22.63
    2   18   -44.00   375.00    50.08797   156.43770    46.597     8.5543     4.298399925    -1.651299953    -2.647099972     4.486499786     5.670899868    -2.646199942   20  221.17   38.51   16.16   73.86    92.55    89.26  129.11  307.43   38.72   28.85   61.14    0.71   -12.27
    2   19   -44.00   400.00    49.91094   156.21098    46.597     6.5969     3.297899961    -1.471599936    -1.826300025     3.561500072     4.400899887    -1.816599965   20  225.37   39.41   15.50   74.57    95.75    88.41  130.70  307.13   39.83   29.56   60.39    1.53    -5.02
    2   20   -44.00   425.00    49.73390   155.98428    46.597     4.9593     2.402600050    -1.332900047    -1.069700003     2.705499887     3.390899897    -1.196499944   20  236.03   39.82   14.94   75.63   105.69    85.87  133.21  304.12   40.85   30.51   59.17    4.00     1.94
    2   21   -44.00   450.00    49.55687   155.75757    46.597     4.3574     2.260600090    -1.300200105    -0.960399985     2.356800079     2.896199942    -1.089699984   20  237.42   40.69   16.03   74.62   106.12    85.44  134.39  304.21   41.90   29.48   60.13    4.40     3.60
    2   22   -44.00   475.00    49.37983   155.53087    46.597     2.7064     1.548300028    -0.827700019    -0.720600009     1.453299999     1.681699991    -0.764299989   20  231.89   41.96   17.60   72.65    99.48    87.01  134.34  307.42   42.85   27.59   62.23    2.85     1.47
    3    1   -22.00   -50.00    52.98183   160.53456    39.798     0.8297     0.115000002    -0.689199984     0.574199975     0.624700010    -0.025599999     0.171499997   20  233.57  328.77   81.58   58.49   -31.89  -170.12  186.52  285.05   40.33   28.23   15.43   57.13   -82.84
    3    2   -22.00   -25.00    52.80480   160.30786    39.798     2.1822     1.053200006    -1.797999978     0.744799972     1.339200020     0.762600005     0.111400001   20  305.55   65.08   32.95   72.28   145.98    61.75  176.27  300.42   74.37   22.22   53.95   26.80   -26.82
    3    3   -22.00     0.00    52.62776   160.08115    39.798     3.0994     1.695700049    -1.572300076    -0.123400003     2.185300112     1.556699991     0.284900010   20  293.15   64.49   20.99   75.78   136.70    74.40  167.07  314.34   68.42   29.11   56.50   15.11    39.97
    3    4   -22.00    25.00    52.45073   159.85445    39.798     3.6240     1.856500030    -0.906200051    -0.950299978     2.367000103     2.468300104     0.389400005   20  218.28   43.18    9.70   80.34    85.16    90.83  132.47  314.19  223.05   35.33   54.65    0.81    61.46
    3    5   -22.00    50.00    52.27369   159.62773    39.798     3.8365     2.141299963    -1.081200004    -1.060099959     2.244299889     2.566499949    -0.308899999   20  224.91   41.63   13.67   76.36    93.19    89.23  132.27  310.57   41.81   31.35   58.64    0.75    36.28
    3    6   -22.00    75.00    52.09665   159.40103    39.798     3.8189     2.480400085    -1.136300087    -1.344099998     1.514600039     2.438899994    -1.310400009   20  231.08   34.54   21.29   69.51   105.46    84.07  129.14  294.58   36.62   24.29   65.00    5.56    -1.11
    3    7   -22.00   100.00    51.91962   159.17432    39.798     4.0456     2.884999990    -0.617100000    -2.267899990     1.317000031     2.209000111    -1.731500030   20  213.57   31.22   25.28   64.74    92.12    89.00  121.97  299.13   31.65   19.73   70.24    0.90   -22.16
    3    8   -22.00   125.00    51.74258   158.94762    39.798     4.8176     3.752500057    -0.323699951    -3.428800106     1.231799960     1.723299980    -2.589600086   20  204.82   33.21   32.17   58.10    82.88    94.46  119.98  316.79  210.85   13.00   76.44    3.79   -41.93
    3    9   -22.00   150.00    51.56554   158.72092    39.798     5.6379     4.328999996    -0.051899910    -4.277100086     1.537500024     1.490800023    -3.251699924   20  195.68   38.81   35.53   56.71    70.83   103.20  119.35  345.94  211.48   10.80   74.49   11.00   -49.40
    3   10   -22.00   175.00    51.38851   158.49420    39.798     6.7948     5.119400024     0.035500050    -5.154900074     1.871399999     1.509400010    -4.166299820   20  192.86   42.27   37.37   56.36    65.87   107.34  119.92  356.72  212.45    9.80   72.48   14.37   -53.91
    3   11   -22.00   200.00    51.21147   158.26750    39.798     8.1081     5.728000164    -0.002000332    -5.725999832     2.633800030     2.378700018    -5.070400238   20  192.51   43.82   34.85   59.25    63.47   107.27  121.39  352.47  214.79   12.64   70.36   14.78   -56.62
    3   12   -22.00   225.00    51.03444   158.04079    39.798     9.8806     6.375899792    -0.222299576    -6.153600216     4.281599998     3.802799940    -5.541200161   20  190.49   45.67   30.66   64.15    58.77   107.09  123.09  346.97  218.04   17.45   66.43   15.33   -46.86
    3   13   -22.00   250.00    50.85740   157.81409    39.798    10.4590     6.326600075    -0.296000004    -6.030600071     4.912700176     4.592700005    -5.590499878   20  191.07   45.41   28.00   66.30    58.90   105.36  123.92  342.05  219.11   19.88   65.31   14.03   -45.22
    3   14   -22.00   275.00    50.68036   157.58737    39.798    10.7101     6.103300095    -0.474800110    -5.628499985     5.420400143     5.074200153    -5.469999790   20  192.07   45.89   25.81   68.11    58.90   104.03  125.25  339.07  220.57   21.90   64.18   13.00   -42.72
    3   15   -22.00   300.00    50.50332   157.36067    39.798    10.5649     5.640399933    -0.928100109    -4.712299824     5.556600094     5.591100216    -5.156599998   20  199.25   44.53   22.26   69.69    66.39    99.31  127.33  329.73  221.28   24.14   64.14    8.73   -41.76
    3   16   -22.00   325.00    50.32629   157.13396    39.798    10.7495     5.600599766    -1.498699665    -4.101900101     5.493700027     6.359099865    -4.821499825   20  212.04   40.66   19.44   70.77    81.86    92.86  128.42  315.30  219.72   25.71   64.12    2.70   -36.68
    3   17   -22.00   350.00    50.14925   156.90726    39.798    10.9826     5.510300159    -1.847000122    -3.663300037     5.530799866     7.097099781    -4.232399940   20  220.41   38.01   17.50   72.51    92.29    89.28  128.59  306.91   38.23   27.51   62.48    0.69   -26.71
    3   18   -22.00   375.00    49.97221   156.68054    39.798     9.4557     4.560299873    -1.763799906    -2.796499968     4.959099770     6.303899765    -3.131400108   20  223.06   38.40   16.03   74.02    94.48    88.72  129.44  306.53   38.76   29.01   60.96    1.23   -17.92
    3   19   -22.00   400.00    49.79518   156.45384    39.798     7.3138     3.431699991    -1.632400036    -1.799299955     3.802200079     5.085499763    -2.102299929   20  231.61   37.57   15.21   75.23   103.57    86.35  130.56  302.47   38.50   30.13   59.62    3.53    -9.08
    3   20   -22.00   425.00    49.61814   156.22713    39.798     5.5987     2.614900112    -1.568700075    -1.046200037     2.880700111     3.984699965    -1.404399991   20  242.71   37.66   15.36   76.03   114.26    83.56  132.95  298.93   39.22   30.74   58.50    6.25     0.55
    3   21   -22.00   450.00    49.44110   156.00043    39.798     4.9366     2.438999891    -1.513199806    -0.925800025     2.610399961     3.407299995    -1.186699986   20  243.04   39.49   15.79   75.46   112.75    83.76  134.60  300.89   41.06   30.19   59.08    6.04     4.52
    3   22   -22.00   475.00    49.26407   155.77371    39.798     2.6505     1.341699958    -0.877599955    -0.464100003     1.479099989     1.762300014    -0.589399993   20  244.75   42.16   15.81   75.35   111.82    83.99  137.06  303.84   43.68   30.10   59.23    5.81     7.89
    4    1     0.00   -50.00    52.86607   160.77742    33.000     0.9314    -0.240500003    -0.503399968     0.743900001     0.542200029    -0.334399998     0.222700000   20  227.07  329.08   50.93   75.62   -18.66  -139.40  195.83   92.98  345.24   38.41   15.67   47.35   -32.36
    4    2     0.00   -25.00    52.68904   160.55070    33.000     1.6715     0.246900007    -1.255599976     1.008700013     1.336799979     0.106700003     0.332899988   20  329.30   63.62   39.90   86.39   174.37    50.23  185.06  299.66   66.62   29.86   35.94   39.67   -74.76
    4    3     0.00     0.00    52.51200   160.32401    33.000     1.8866    -0.286799997    -0.741299987     1.028100014     1.361500025     0.606000006     0.703400016   20  338.26  240.97   37.15   84.51  -170.88   -53.20  184.08  301.77   56.87   39.14   29.73   36.61    -3.32
    4    4     0.00    25.00    52.33496   160.09731    33.000     1.9043     0.365500003    -0.537199974     0.171700001     1.113800049     1.515799999     0.284500003   20  299.90   40.58    9.56   88.21   169.18    80.61  139.57  301.02   40.87   42.47   46.00    9.39    49.67
    4    5     0.00    50.00    52.15793   159.87059    33.000     2.7960     1.137300014    -0.717400014    -0.419900000     1.807500005     1.875699997    -0.304399997   20  241.89   45.04   11.02   79.44   106.56    86.82  137.76  311.08   45.62   34.37   55.45    3.12    18.12
    4    6     0.00    75.00    51.98089   159.64389    33.000     2.3711     1.230900049    -0.504300058    -0.726599991     1.360599995     1.271499991    -1.078199983   20  214.43   46.67   19.42   70.99    78.44    94.04  133.49  323.15  225.35   25.88   63.79    3.82   -35.22
    4    7     0.00   100.00    51.80386   159.41718    33.000     2.8929     1.940899968    -0.065500021    -1.875399947     1.066100001     1.124099970    -1.711599946   20  195.73   41.84   30.63   62.00    67.14   102.95  122.34  339.62  215.67   16.05   70.12   11.42   -53.75
    4    8     0.00   125.00    51.62682   159.19048    33.000     4.1641     3.012300014     0.200700045    -3.213000059     1.130399942     0.822899997    -2.711800098   20  188.78   45.46   39.32   56.70    60.05   112.24  119.73    4.58  212.81    9.14   69.27   18.44   -61.06
    4    9     0.00   150.00    51.44978   158.96376    33.000     5.2382     3.661299944     0.429899931    -4.091199875     1.345499992     0.906099975    -3.609200001   20  185.51   48.57   41.57   57.05    55.05   116.94  119.68   10.54  213.12    8.30   66.01   22.34   -67.42
    4   10     0.00   175.00    51.27275   158.73706    33.000     6.9971     4.856699944     0.352700233    -5.209400177     2.111200094     1.216500044    -4.724299908   20  184.83   50.62   41.40   58.42    52.36   118.30  120.77   11.13  214.87    9.21   64.25   23.82   -60.81
    4   11     0.00   200.00    51.09571   158.51035    33.000     8.4865     5.634699821     0.256000042    -5.890699863     3.029000044     2.087500095    -5.632400036   20  185.10   50.91   38.43   61.06    51.13   116.47  122.10    6.16  217.37   12.22   63.65   22.96   -59.10
    4   12     0.00   225.00    50.91867   158.28365    33.000     9.9514     6.139400005     0.134300232    -6.273700237     4.330500126     3.205300093    -6.215000153   20  184.59   51.37   34.85   64.51    48.87   114.61  123.53    0.52  220.22   16.02   62.20   22.08   -53.75
    4   13     0.00   250.00    50.74163   158.05693    33.000    10.6126     6.101699829     0.138700008    -6.240399837     5.082799911     4.082699776    -6.288599968   20  184.41   50.75   31.81   66.81    48.32   112.42  124.20  355.23  221.53   18.81   61.56   20.52   -51.92
    4   14     0.00   275.00    50.56460   157.83023    33.000    10.7251     5.842100143    -0.150300026    -5.691800117     5.350399971     4.844799995    -6.134099960   20  188.43   48.60   27.80   68.05    53.25   107.51  125.41  346.38  221.87   21.17   62.84   16.20   -52.78
    4   15     0.00   300.00    50.38756   157.60352    33.000    10.7625     5.520899773    -0.733899593    -4.787000179     5.643700123     5.514900208    -5.833600044   20  196.48   46.46   23.39   69.46    62.10   101.44  127.65  334.98  222.40   23.63   63.78   10.71   -51.03
    4   16     0.00   325.00    50.21053   157.37682    33.000    11.1309     5.603799820    -1.406399727    -4.197400093     5.875899792     6.328999996    -5.426099777   20  208.57   42.97   19.97   70.61    76.43    94.87  129.15  320.86  221.35   25.46   64.07    4.60   -43.82
    4   17     0.00   350.00    50.03349   157.15010    33.000    10.9674     5.343100071    -1.701300144    -3.641799927     5.798500061     6.798299789    -4.601399899   20  216.72   40.41   17.75   72.29    86.48    91.12  129.51  312.14  220.06   27.28   62.70    1.07   -33.84
    4   18     0.00   375.00    49.85645   156.92340    33.000     9.3924     4.354700089    -1.695600033    -2.659100056     4.934700012     6.248899937    -3.393300056   20  224.92   38.48   16.09   74.01    96.19    88.22  129.92  305.88   38.97   28.99   60.95    1.71   -24.75
    4   19     0.00   400.00    49.67942   156.69669    33.000     7.3662     3.315500021    -1.681300044    -1.634199977     3.771899939     5.198299885    -2.221400023   20  236.40   36.87   15.30   75.55   108.88    84.94  131.02  299.89   38.14   30.37   59.16    4.90   -12.46
    4   20     0.00   425.00    49.50238   156.46999    33.000     5.6183     2.505399942    -1.629199982    -0.876200020     2.813100100     4.113399982    -1.372699976   20  248.09   36.55   15.44   76.75   120.62    81.99  133.17  295.98   38.39   31.30   57.52    7.79     1.78
    4   21     0.00   450.00    49.32534   156.24329    33.000     4.5211     2.096999884    -1.485599875    -0.611400008     2.388799906     3.213200092    -0.972999990   20  251.39   39.32   15.63   76.66   121.11    81.77  136.11  298.44   41.23   31.18   57.58    8.00     8.08
    4   22     0.00   475.00    49.14831   156.01657    33.000     2.3468     1.068199992    -0.824499965    -0.243699998     1.302199960     1.655200005    -0.396400005   20  256.62   41.39   15.22   77.47   124.27    81.29  138.64  300.14   43.29   31.93   56.69    8.50    15.07
    5    1    22.00   -50.00    52.75031   161.02028    26.202     1.3399    -0.907199979    -0.189499974     1.096699953     0.145500004    -0.736199975     0.484600008   20  222.33  358.52   34.11   63.95   -51.54  -112.84  230.35  105.11    9.00   63.63   15.96   20.41    29.25
    5    2    22.00   -25.00    52.57328   160.79356    26.202     1.9345    -1.427099943    -0.395700097     1.822800040     0.343400002    -0.550999999     0.841600001   20  223.33  355.96   44.24   56.60   -52.10  -120.88  211.18  107.40   14.18   63.62    6.74   25.37    40.88
    5    3    22.00     0.00    52.39624   160.56686    26.202     1.8388    -1.060299993    -0.347000003     1.407299995     1.039399981    -0.048799999     0.833000004   20  234.53  349.70   63.22   49.88   -46.20  -143.89  195.18  294.92   31.16   50.74    7.87   38.16   -10.98
    5    4    22.00    25.00    52.21920   160.34015    26.202     1.4079    -0.991599977    -0.061200082     1.052800059     0.636200011     0.497399986     0.546800017   20  221.09    0.65   63.80   32.88   -69.38  -125.59  167.13  296.05   31.66   64.96   16.36   18.42    20.16
    5    5    22.00    50.00    52.04217   160.11345    26.202     1.5998     0.081600003    -0.312999994     0.231399998     1.041900039     1.154899955    -0.329499990   20  293.32   40.05   12.09   86.47   162.91    78.43  140.78  297.98   40.77   40.38   47.30   11.55   -29.23
    5    6    22.00    75.00    51.86513   159.88673    26.202     1.5230     0.367300004    -0.038900018    -0.328399986     0.990100026     0.558600008    -1.069599986   20  174.63   74.64   39.06   81.99    12.78   128.36  135.20   19.80  248.34   26.77   40.36   37.92   -62.55
    5    7    22.00   100.00    51.68810   159.66003    26.202     2.0717     0.713699996     0.478499949    -1.192199945     0.747099996     0.086400002    -1.675699949   20  169.37   72.53   63.16   76.77    14.86   152.37  123.16   28.14  228.92    9.06   28.76   59.59   -40.27
    5    8    22.00   125.00    51.51106   159.43332    26.202     3.3362     1.577600002     0.785199881    -2.362799883     0.736599982    -0.401499987    -2.618200064   20  169.76   69.19   66.70   66.92    25.27   154.53  119.51   29.42  209.73    0.14   33.84   56.16   -52.82
    5    9    22.00   150.00    51.33402   159.20662    26.202     4.4248     1.999899983     1.111300111    -3.111200094     1.044199944    -0.411199987    -3.484200001   20  168.97   69.50   66.93   68.88    23.06   155.16  119.57   28.77  211.60    1.28   32.13   57.84   -51.41
    5   10    22.00   175.00    51.15699   158.97990    26.202     6.2245     3.404500008     0.948400021    -4.352900028     2.068500042     0.235900000    -4.637300014   20  173.00   64.80   54.91   66.03    29.77   141.01  121.19   24.54  218.15    6.85   43.93   45.26   -53.85
    5   11    22.00   200.00    50.97995   158.75320    26.202     8.0439     4.748199940     0.622799873    -5.370999813     3.109299898     1.435700059    -5.714799881   20  177.34   59.84   45.20   65.06    36.45   129.00  122.83   17.22  220.99   11.55   52.79   34.80   -57.96
    5   12    22.00   225.00    50.80291   158.52649    26.202     9.7509     5.694499969     0.431799889    -6.126299858     4.207200050     2.733799934    -6.563499928   20  180.17   56.22   38.86   65.77    40.85   121.37  123.81    9.05  222.17   15.09   57.22   28.34   -58.13
    5   13    22.00   250.00    50.62587   158.29979    26.202    10.2737     5.579599857     0.514800072    -6.094399929     4.781000137     3.644200087    -6.701099873   20  179.88   55.01   35.59   67.75    40.59   118.52  124.23    3.86  223.39   17.90   57.43   26.23   -59.75
    5   14    22.00   275.00    50.44884   158.07307    26.202    10.1544     5.143000126     0.216000080    -5.359000206     5.014599800     4.445199966    -6.409999847   20  183.49   52.31   30.36   68.91    45.40   112.36  125.58  354.67  223.89   20.83   59.84   20.79   -62.20
    5   15    22.00   300.00    50.27180   157.84637    26.202     9.9706     4.736100197    -0.315100193    -4.421000004     5.263100147     4.925600052    -6.009799957   20  190.06   50.10   25.48   69.96    52.82   106.07  127.79  344.50  224.46   23.33   61.73   15.07   -61.12
    5   16    22.00   325.00    50.09476   157.61966    26.202    10.7249     5.171800137    -1.115000248    -4.056799889     5.722899914     5.947199821    -5.680600166   20  204.79   44.63   20.63   70.50    71.34    96.87  129.27  325.71  222.33   25.19   63.87    6.47   -51.66
    5   17    22.00   350.00    49.91773   157.39296    26.202    10.5283     4.989099979    -1.500400066    -3.488699913     5.656499863     6.328199863    -4.865399837   20  214.36   41.86   18.24   71.90    82.88    92.34  130.00  315.50  221.13   26.87   63.03    2.22   -41.79
    5   18    22.00   375.00    49.74069   157.16626    26.202     8.8501     3.953000069    -1.546300173    -2.406699896     4.718200207     5.784699917    -3.547699928   20  225.63   39.25   16.32   73.78    96.13    88.21  130.69  306.62   39.75   28.76   61.18    1.72   -32.93
    5   19    22.00   400.00    49.56366   156.93954    26.202     6.6965     2.796999931    -1.524299979    -1.272699952     3.484600067     4.734799862    -2.176500082   20  240.97   37.02   15.24   76.02   113.20    83.87  132.06  298.71   38.51   30.76   58.55    5.94   -19.09
    5   20    22.00   425.00    49.38662   156.71284    26.202     4.9619     2.051500082    -1.484500170    -0.566999972     2.551599979     3.621299982    -1.278599977   20  253.98   37.18   15.64   77.36   125.76    80.71  134.90  295.18   39.23   31.75   56.68    9.07    -3.40
    5   21    22.00   450.00    49.20958   156.48613    26.202     3.5593     1.483899951    -1.267299891    -0.216600001     1.888100028     2.560899973    -0.788900018   20  262.26   39.41   16.53   77.73   131.64    78.85  138.68  295.28   41.81   31.84   55.92   10.90     4.12
    5   22    22.00   475.00    49.03255   156.25943    26.202     1.8558     0.745800018    -0.696799994    -0.048999999     0.961199999     1.384400010    -0.312200010   20  267.82   38.91   16.56   78.94   137.70    77.59  139.33  293.77   41.33   32.83   54.43   12.17    15.16
    6    1    44.00   -50.00    52.63455   161.26312    19.403     1.9166    -1.642099977     0.100799918     1.541300058    -0.103799999    -0.748300016     0.771099985   20  211.25   16.53   34.24   56.64   -77.75   -98.22  260.38  112.45   21.07   76.75   11.29    6.85    20.75
    6    2    44.00   -25.00    52.45752   161.03642    19.403     3.0364    -2.714400053     0.255599976     2.458800077    -0.176899999    -1.095999956     1.130100012   20  208.59   17.51   34.81   55.69   -80.87   -96.30  265.08  112.04   21.07   78.27   10.48    5.20    12.57
    6    3    44.00     0.00    52.28048   160.80971    19.403     2.5703    -2.389300108     0.245300055     2.144000053     0.351799995    -0.707499981     0.894200027   20  214.63    8.57   40.41   52.59   -69.58  -106.54  225.25  110.26   18.80   75.46    6.25   13.07    -2.10
    6    4    44.00    25.00    52.10344   160.58301    19.403     2.2295    -2.296700001     0.424499989     1.872200012    -0.037500001    -0.100599997     0.702499986   20  202.14   22.00   43.62   46.38   -89.90   -90.10  289.10  112.07   22.07   88.62    1.38    0.07   -12.15
    6    5    44.00    50.00    51.92641   160.35629    19.403     1.2855    -1.392699957     0.315799952     1.076900005     0.103100002    -0.204899997    -0.223000005   20  166.26  343.13   39.98   50.06   -87.61   -92.01  237.50   74.56  344.42   84.73    5.04    1.54   -36.29
    6    6    44.00    75.00    51.74937   160.12959    19.403     1.3597    -0.805800021     0.443300009     0.362500012     0.057599999    -0.625599980    -1.025599957   20  100.82  342.78   44.61   65.12  -143.20   -51.69  299.83   46.17  144.40   53.21   11.88   34.22    44.35
    6    7    44.00   100.00    51.57233   159.90288    19.403     2.2109    -0.562200010     0.852100015    -0.289900005     0.036699999    -1.253299952    -1.661599994   20   84.42  345.82   53.31   78.65  -165.79   -37.55  298.47   40.04  151.45   34.17   16.46   51.02     9.15
    6    8    44.00   125.00    51.39530   159.67618    19.403     3.2990     0.059400000     1.284600019    -1.343999982     0.139699996    -1.701300025    -2.509099960   20   77.26  346.17   59.42   88.16  -177.86   -30.59  297.37   35.89  163.06   22.48   19.69   59.36   -15.94
    6    9    44.00   150.00    51.21826   159.44946    19.403     4.1040     0.206300005     1.677899957    -1.884199977     0.406800002    -1.896100044    -3.148299932   20   75.27  165.79   61.74   89.03   178.90    28.26  296.94   34.19  167.60   18.83   20.29   61.72   -10.05
    6   10    44.00   175.00    51.04123   159.22276    19.403     5.3720     1.799999952     1.427500010    -3.227499962     1.693300009    -0.710900009    -4.252299786   20  169.56   71.52   67.94   70.96    20.61   156.59  121.03   29.88  214.52    2.00   29.76   60.16   -26.71
    6   11    44.00   200.00    50.86419   158.99606    19.403     7.2426     3.354000092     1.149099827    -4.503099918     2.932800055     0.507900000    -5.449900150   20  171.92   67.91   55.07   70.88    23.54   142.70  123.09   24.74  224.65    9.98   39.53   48.73   -45.00
    6   12    44.00   225.00    50.68715   158.76935    19.403     8.7977     4.553999901     0.954299927    -5.508299828     3.633500099     1.856099963    -6.481999874   20  173.80   63.85   47.43   69.63    28.21   133.81  123.64   19.11  225.39   13.42   46.43   40.46   -60.10
    6   13    44.00   250.00    50.51011   158.54265    19.403     9.4429     4.623099804     0.950400352    -5.573500156     4.261400223     2.975699902    -6.740300179   20  173.91   61.71   42.34   71.00    28.90   128.58  124.25   13.78  227.15   17.00   48.84   36.13   -64.67
    6   14    44.00   275.00    50.33308   158.31593    19.403     9.2237     4.231800079     0.611700058    -4.843500137     4.497399807     3.701600075    -6.421700001   20  176.00   59.46   36.66   71.60    31.91   122.29  125.74    7.52  228.18   20.13   52.22   30.45   -68.66
    6   15    44.00   300.00    50.15604   158.08923    19.403     9.0903     4.005799770     0.032999992    -4.038799763     4.710400105     4.387400150    -6.026100159   20  183.84   54.00   28.50   70.82    43.51   111.49  127.66  353.83  226.62   22.90   58.62   20.25   -70.37
    6   16    44.00   325.00    49.97900   157.86252    19.403     9.7751     4.454299927    -0.760299921    -3.694000006     5.223199844     5.315999985    -5.668200016   20  200.53   46.48   21.53   70.47    65.65    99.24  129.28  331.17  223.36   24.92   63.40    8.71   -60.63
    6   17    44.00   350.00    49.80197   157.63582    19.403     9.4401     4.258200169    -1.198700190    -3.059499979     5.171199799     5.498199940    -4.839200020   20  211.16   43.76   18.75   71.67    78.06    94.02  130.58  320.05  222.49   26.56   63.12    3.81   -51.12
    6   18    44.00   375.00    49.62493   157.40910    19.403     7.6041     3.147799969    -1.253399968    -1.894400001     4.223400116     4.833899975    -3.414700031   20  224.90   41.05   16.23   73.80    93.70    88.92  131.92  309.47   41.35   28.79   61.19    1.03   -43.45
    6   19    44.00   400.00    49.44790   157.18240    19.403     5.5638     2.016799927    -1.225299954    -0.791499972     3.094000101     3.861500025    -1.999400020   20  245.31   38.63   14.70   76.81   115.92    83.46  134.05  299.96   40.13   31.51   57.71    6.37   -30.29
    6   20    44.00   425.00    49.27086   156.95569    19.403     3.7092     1.228600025    -1.163599968    -0.064999998     2.043100119     2.671000004    -1.039000034   20  266.48   38.42   16.17   79.03   136.90    78.04  138.48  293.83   40.73   32.99   54.46   11.74   -15.11
    6   21    44.00   450.00    49.09382   156.72899    19.403     2.6929     0.981800020    -1.037700057     0.055900000     1.424200058     1.948600054    -0.636099994   20  272.37   39.09   18.27   78.83   141.84    75.44  141.23  291.52   41.97   32.31   53.94   14.27    -1.61
    6   22    44.00   475.00    48.91679   156.50227    19.403     1.1561     0.376399994    -0.519599974     0.143199995     0.591700017     0.835300028    -0.269499987   20  282.46   38.95   21.91   79.83   151.75    70.49  145.13  286.74   42.53   32.09   51.34   19.19    -1.21
    7    1    66.00   -50.00    52.51879   161.50598    12.605     3.0259    -2.680700064     0.393100023     2.287600040    -0.652300000    -1.056699991     1.159299970   20  202.47   28.10   33.02   57.11   -94.72   -86.94  308.28  115.89  206.44   77.66   12.06    2.57     9.71
    7    2    66.00   -25.00    52.34175   161.27927    12.605     4.1497    -3.736999989     0.525500059     3.211499929    -0.567300022    -1.559499979     1.483700037   20  205.61   22.30   33.26   56.78   -87.23   -91.82  286.04  113.61   23.30   78.13   11.77    1.52     6.16
    7    3    66.00     0.00    52.16472   161.05257    12.605     3.8952    -3.753799915     0.504999876     3.248800039    -0.392600000    -0.973999977     1.272500038   20  201.28   21.57   37.18   52.82   -90.23   -89.83  292.46  111.44  201.46   82.18    7.82    0.14    -0.29
    7    4    66.00    25.00    51.98768   160.82585    12.605     3.3638    -3.341799974     0.580399990     2.761399984    -0.769900024    -0.807099998     0.785300016   20  191.33   25.33   36.60   54.22  -101.32   -81.70  327.12  109.40  200.46   78.83    8.87    6.72   -21.61
    7    5    66.00    50.00    51.81065   160.59915    12.605     2.3753    -2.469000101     0.545000076     1.924000025    -0.539699972    -0.774600029    -0.088799998   20  168.68    8.34   36.22   55.41  -106.08   -78.53  315.05   90.14  181.77   76.39    9.73    9.42   -47.32
    7    6    66.00    75.00    51.63361   160.37245    12.605     2.4759    -2.086999893     0.722299933     1.364699960    -0.695599973    -1.392300010    -0.846199989   20  127.78  352.49   37.58   61.33  -128.12   -64.60  306.50   64.36  159.65   64.11   12.78   22.11   -50.15
    7    7    66.00   100.00    51.45657   160.14574    12.605     3.0818    -1.805799961     1.213399887     0.592400014    -0.444000006    -2.153199911    -1.547500014   20  101.77  343.35   40.12   68.14  -144.71   -55.47  295.71   48.69  148.98   53.51   16.11   31.74   -35.66
    7    8    66.00   125.00    51.27954   159.91904    12.605     3.8717    -1.414600015     1.709100008    -0.294499993    -0.333999991    -2.785300016    -2.220900059   20   88.52  341.91   44.85   74.13  -157.18   -47.48  293.54   41.76  147.83   44.01   17.93   40.54   -30.96
    7    9    66.00   150.00    51.10250   159.69232    12.605     4.2593    -1.043900013     2.030300140    -0.986400008    -0.062399998    -2.591799974    -2.891299963   20   81.55  341.77   52.58   77.48  -164.17   -38.49  294.70   36.61  146.52   35.65   16.05   49.83    -9.49
    7   10    66.00   175.00    50.92546   159.46562    12.605     5.0049     0.552200019     1.792299986    -2.344500065     1.235100031    -1.532199979    -4.084400177   20  168.55   74.48   79.61   68.85    21.52   168.85  300.09   33.15  193.13    7.33   22.50   66.21     5.19
    7   11    66.00   200.00    50.74843   159.23891    12.605     6.8004     2.347700119     1.565499783    -3.913199902     2.663500071    -0.326900005    -5.298600197   20  170.45   71.36   62.55   73.09    19.14   151.19  122.74   28.38  223.47    6.91   32.12   56.97   -25.98
    7   12    66.00   225.00    50.57139   159.01221    12.605     8.3122     3.645499945     1.312599897    -4.958099842     3.442899942     0.989499986    -6.364200115   20  171.34   68.98   54.68   73.19    20.76   142.84  123.83   24.50  228.10   11.79   37.83   49.72   -49.01
    7   13    66.00   250.00    50.39435   158.78549    12.605     8.6732     3.702100039     1.244700193    -4.946800232     3.758899927     2.072299957    -6.639800072   20  170.58   68.57   51.20   75.49    18.76   139.66  124.57   21.97  232.13   15.42   38.34   47.55   -60.44
    7   14    66.00   275.00    50.21732   158.55879    12.605     8.3428     3.346199989     0.890799999    -4.236999989     3.930999994     2.984699965    -6.302400112   20  170.80   67.55   45.77   76.76    18.65   134.23  126.04   18.31  234.98   19.34   40.94   42.76   -70.17
    7   15    66.00   300.00    50.04028   158.33208    12.605     8.1802     3.284100056     0.312599897    -3.596699953     4.162300110     3.715699911    -5.920400143   20  175.75   61.59   35.39   73.79    28.82   121.90  127.77    7.74  231.73   22.27   50.70   30.49   -76.37
    7   16    66.00   325.00    49.86324   158.10538    12.605     8.4868     3.570300102    -0.380800009    -3.189500093     4.563499928     4.438399792    -5.466899872   20  191.94   50.88   23.98   70.92    53.56   104.80  129.43  342.99  225.94   24.51   61.31   13.97   -70.58
    7   17    66.00   350.00    49.68621   157.87866    12.605     7.3347     2.871700048    -0.694800138    -2.176899910     4.194399834     4.074100018    -4.397999763   20  201.41   48.73   20.00   72.08    64.10    99.03  131.60  332.36  225.93   26.54   61.89    8.59   -66.73
    7   18    66.00   375.00    49.50917   157.65196    12.605     5.3407     1.638900042    -0.718300045    -0.920599997     3.276900053     3.265799999    -2.873500109   20  219.48   45.65   15.05   75.04    84.04    91.60  134.34  317.91  225.24   30.02   59.93    1.55   -64.50
    7   19    66.00   400.00    49.33213   157.42525    12.605     3.9572     0.927999973    -0.831599951    -0.096400000     2.421700001     2.703000069    -1.616500020   20  259.99   39.74   14.03   79.20   129.40    80.99  137.38  298.62   41.44   33.61   54.93    8.85   -48.76
    7   20    66.00   425.00    49.15510   157.19855    12.605     2.6429     0.468699992    -0.868200004     0.399500012     1.547600031     1.883499980    -0.775600016   20  286.20   37.61   18.85   82.90   157.49    72.49  142.77  288.62   39.84   35.57   49.17   17.37   -28.76
    7   21    66.00   450.00    48.97806   156.97183    12.605     1.8465     0.469700009    -0.800300002     0.330599993     0.933300018     1.346500039    -0.497000009   20  286.37   36.54   23.31   81.55   158.21    68.20  144.80  283.00   39.90   33.06   48.87   21.55   -10.11
    7   22    66.00   475.00    48.80103   156.74513    12.605     0.5166    -0.126900002    -0.304400027     0.431300014     0.144199997     0.310699999    -0.105999999   20  308.08  210.04   45.32   81.95  -168.64   -45.25  158.36  267.17   22.13   36.60   23.46   44.20    38.46
    8    1    88.00   -50.00    52.40303   161.74884     5.806     2.5056    -2.230900049     0.274900079     1.955999970    -0.171599999    -0.810800016     1.094200015   20  212.00   20.94   35.88   54.62   -81.00   -96.45  265.85  115.56   24.69   79.20    9.41    5.26    18.68
    8    2    88.00   -25.00    52.22599   161.52213     5.806     3.9987    -3.659899950     0.451799870     3.208100080    -0.431400001    -1.196499944     1.573899984   20  206.06   22.83   35.78   54.27   -87.38   -91.89  284.60  114.18   23.93   80.62    9.25    1.53    12.56
    8    3    88.00     0.00    52.04896   161.29543     5.806     4.7952    -4.456799984     0.597399950     3.859400034    -0.819599986    -1.491600037     1.594099998   20  199.78   24.54   34.72   55.38   -93.91   -87.29  305.02  112.59  203.00   79.42   10.34    2.23     1.85
    8    4    88.00    25.00    51.87192   161.06871     5.806     4.4885    -4.248000145     0.687200069     3.560800076    -1.037799954    -1.594300032     1.025500059   20  192.58   23.72   33.08   57.41   -99.38   -83.94  312.70  109.34  200.45   76.73   12.22    5.10   -17.21
    8    5    88.00    50.00    51.69489   160.84201     5.806     3.2351    -3.174299955     0.552199841     2.622100115    -0.747600019    -1.251299977     0.135499999   20  176.59   14.16   33.39   57.86  -104.81   -80.44  311.45   97.25  189.04   75.15   12.37    8.09   -35.91
    8    6    88.00    75.00    51.51785   160.61530     5.806     3.9644    -3.553600073     1.156599998     2.397000074    -1.277999997    -2.384900093    -0.319700003   20  166.02   12.75   26.74   65.77  -114.21   -78.33  304.38   93.99  187.90   67.17   19.96   10.63   -61.60
    8    7    88.00   100.00    51.34081   160.38860     5.806     4.0103    -2.939500093     1.591600060     1.347900033    -0.813899994    -3.080399990    -1.128700018   20  122.29  351.12   29.57   69.52  -134.84   -68.20  292.38   64.71  163.15   59.59   21.57   20.36   -65.32
    8    8    88.00   125.00    51.16378   160.16188     5.806     4.2353    -2.259299994     1.932600021     0.326700002    -0.533200026    -3.169399977    -1.993800044   20   96.25  340.81   40.12   70.09  -148.11   -54.42  292.06   45.25  147.11   51.39   17.45   33.17   -44.43
    8    9    88.00   150.00    50.98674   159.93518     5.806     4.2462    -1.274700046     2.019100189    -0.744400024     0.076099999    -2.569799900    -2.879699945   20   82.89  341.41   50.64   76.36  -162.25   -40.74  294.22   37.46  146.10   37.96   16.36   47.42     0.74
    8   10    88.00   175.00    50.80970   159.70847     5.806     5.0941     0.549799979     1.755000114    -2.304800034     1.217300057    -1.622900009    -4.183300018   20  168.99   74.99   80.05   68.32    22.02   169.28  300.44   33.78  192.13    7.99   22.54   65.93     5.19
    8   11    88.00   200.00    50.63267   159.48177     5.806     6.9032     2.258899927     1.609899998    -3.868799925     2.578500032    -0.678200006    -5.447100163   20  170.77   72.05   64.73   72.20    19.76   153.37  122.68   29.69  220.69    4.91   31.19   58.33   -21.39
    8   12    88.00   225.00    50.45563   159.25505     5.806     8.0899     3.246500015     1.461800098    -4.708300114     3.234999895     0.586399972    -6.338399887   20  170.82   70.77   58.12   74.33    18.55   146.74  123.80   26.52  228.39   10.51   34.37   53.62   -43.74
    8   13    88.00   250.00    50.27859   159.02835     5.806     8.2854     3.185300112     1.382600069    -4.567900181     3.513099909     1.531299949    -6.516399860   20  170.02   71.25   55.47   77.50    15.23   144.51  124.79   24.99  234.36   14.34   33.63   52.64   -53.76
    8   14    88.00   275.00    50.10155   158.80164     5.806     7.9674     2.865400076     1.036700010    -3.902100086     3.692500114     2.482800007    -6.216499805   20  169.64   71.53   51.24   80.03    12.82   140.53  126.35   22.95  239.66   18.68   34.41   49.49   -65.19
    8   15    88.00   300.00    49.92452   158.57494     5.806     7.5308     2.605200052     0.564800024    -3.170000076     3.820800066     3.033400059    -5.740300179   20  170.70   70.12   45.00   79.59    14.80   134.03  128.15   19.27  240.21   21.86   38.89   43.13   -73.48
    8   16    88.00   325.00    49.74748   158.34822     5.806     7.2926     2.718499899    -0.062099934    -2.656399965     3.931099892     3.591300011    -5.219799995   20  179.35   60.04   30.90   73.67    33.19   116.60  129.75    2.34  232.03   24.08   53.66   25.45   -78.93
    8   17    88.00   350.00    49.57045   158.12152     5.806     6.3146     2.104700089    -0.402800083    -1.701900005     3.736999989     3.413100004    -4.131599903   20  189.17   54.87   22.73   73.69    46.62   106.05  132.19  346.70  230.25   26.98   58.29   15.39   -75.87
    8   18    88.00   375.00    49.39341   157.89481     5.806     4.4548     0.965399981    -0.476799995    -0.488599986     2.911099911     2.682600021    -2.614900112   20  208.35   50.06   14.37   76.61    68.92    95.27  135.70  327.11  228.83   31.41   58.07    5.12   -76.80
    8   19    88.00   400.00    49.21637   157.66811     5.806     3.8183     0.818099976    -0.777099967    -0.041000001     2.440999985     2.531599998    -1.628700018   20  258.02   41.65   13.26   79.26   125.63    82.18  138.30  301.98   43.12   33.81   55.09    7.68   -54.28
    8   20    88.00   425.00    49.03934   157.44141     5.806     2.3720     0.236200005    -0.753299952     0.517099977     1.457900047     1.649999976    -0.712499976   20  293.06   37.44   19.90   84.86   164.74    70.75  144.41  287.55   39.23   36.98   46.74   19.17   -36.95
    8   21    88.00   450.00    48.86230   157.21469     5.806     1.6250     0.316300005    -0.717400014     0.401100010     0.827300012     1.174900055    -0.444900006   20  291.16   35.72   25.16   83.27   163.99    65.70  146.23  280.81   38.75   33.85   46.30   24.13   -13.65
    8   22    88.00   475.00    48.68526   156.98799     5.806     0.6014    -0.035500001    -0.328999996     0.364499986     0.254099995     0.399699986    -0.128500000   20  305.38  212.73   37.83   87.94  -176.64   -52.21  154.98  271.93   31.13   35.73   32.21   37.76     7.02
